1500 1500 1500 1500 1500 1500 1500 1500 1500 1500 1500 1500 1500 1500 1500 1500 1500 1500 1500 1500 1500 1500 1500 1500 1500 1500 1500 1500 1500 1500 1500 1500 1500 1500 1500 1500 1500 1500 1500 1500 1500 1500 1500 1500 1500 1500 1500 1500 1500 1500 
1500 1200 1200 1200 1200 1200 1200 1200 1100 1100 1500 1100 1300 1100 1200 1200 1300 1200 1200 1200 1200 1200 1200 1500 1100 1100 1200 1200 1100 1100 1100 1100 1200 1100 1100 1100 1101 1100 1500 1200 1100 1100 1200 1200 1200 1200 1500 1100 1100 1500 
1500 1200 1200 1200 1200 1100 1200 1500 1500 1500 1500 1500 1500 1600 1200 1100 1200 1100 1100 1100 1200 1200 1200 1200 1200 1200 1200 1200 1500 1100 1100 1500 1600 1100 1100 1600 1600 1600 1100 1600 1200 1100 1200 1200 1200 1200 1500 1600 1200 1500 
1500 1200 1100 1100 1101 1500 1500 1500 1500 1500 1500 1500 1100 1602 1200 1200 1100 1100 1200 1100 1200 1100 1202 1100 1200 1200 1200 1200 1200 1200 1100 1100 1400 1100 1100 1100 1600 1600 1600 1300 1100 1100 1100 1300 1500 1500 1500 1200 1100 1500 
1500 1200 1100 1100 1100 1500 1500 1100 1500 1500 1500 1500 1600 1100 1200 1200 1100 1300 1300 1600 1100 1100 1100 1200 1200 1200 1400 1200 1300 1500 1100 1400 1300 1300 1100 1600 1200 1200 1600 1300 1100 1100 1100 1500 1500 1500 1200 1300 1300 1500 
1500 1200 1200 1100 1100 1600 1100 1400 1200 1500 1300 1300 1600 1100 1200 1200 1100 1300 1300 1100 1200 1100 1100 1200 1300 1100 1100 1300 1300 1600 1300 1300 1300 1100 1300 1200 1200 1200 1600 1600 1100 1200 1200 1200 1200 1300 1200 1200 1600 1500 
1500 1200 1200 1200 1200 1100 1100 1200 1100 1200 1300 1300 1500 1500 1600 1600 1300 1300 1300 1100 1200 1100 1200 1300 1300 1100 1100 1300 1300 1600 1600 1300 1300 1200 1200 1200 1200 1500 1100 1600 1200 1200 1200 1200 1300 1300 1300 1100 1600 1500 
1500 1200 1200 1200 1200 1200 1100 1100 1100 1200 1300 1300 1500 1600 1600 1600 1600 1600 1100 1100 1100 1300 1300 1300 1200 1100 1300 1300 1100 1100 1100 1300 1300 1200 1200 1200 1200 1500 1200 1500 1500 1200 1200 1300 1300 1400 1100 1600 1600 1500 
1500 1200 1500 1500 1200 1100 1100 1100 600 300 300 500 200 1600 1600 1600 1600 1100 1100 1100 1100 1300 1300 1300 1200 1300 1100 1300 1100 1200 1300 1300 1300 1200 1100 1300 1300 1500 1500 1500 1200 1200 1100 1200 1300 1300 1300 1600 1600 1500 
1500 1200 1500 1100 1100 1500 1500 1500 500 300 200 100 300 100 1100 1500 1100 1100 1100 1100 1200 1300 1300 1100 1100 1100 1300 1100 1300 1200 1200 1300 1200 1300 1100 1400 1300 1100 1100 1100 1200 1200 1100 1300 1200 1200 1200 1400 1200 1500 
1500 1500 1500 1500 1500 1200 1500 1500 500 300 200 200 100 100 1100 1101 1100 1100 1100 1100 1300 1301 1100 1100 1200 1300 1200 1200 1100 1200 1200 1200 1200 1300 1400 1300 1100 1100 1100 1200 1200 1300 1100 1200 1200 1200 1101 1500 1200 1500 
1500 1100 1100 1500 1500 1500 1200 1500 1400 1300 200 200 100 100 1100 1100 1100 1600 1600 1600 1300 1200 1100 1100 1100 1100 1200 1200 1200 1200 1200 1200 1500 1300 1300 1400 1100 1300 1100 1100 1400 1300 1300 1300 1200 1100 1100 1500 1100 1500 
1500 1100 1500 1100 1200 1200 1500 1500 1500 1500 200 200 100 100 1100 1100 1106 1600 1600 1600 1600 1200 1200 1100 1100 1100 1200 1200 1100 1200 1200 1500 1500 1403 1400 1400 1300 1300 1300 1200 1200 1301 1300 1300 1100 1100 1100 1500 1500 1500 
1500 1500 1100 1200 1200 1500 1500 1500 1500 1500 200 300 400 100 1100 1100 1400 1600 1600 1100 1100 1600 1200 1100 1100 1300 1100 1100 1200 1200 1200 1400 1400 1400 1200 1200 1300 1300 1300 1300 1300 1100 1100 1300 1100 1100 1500 1500 1500 1500 
1500 1500 1500 1200 1500 1500 1500 1300 1500 1200 300 200 300 300 100 100 300 100 200 200 1100 1600 1200 1100 1100 1100 1100 1100 1100 1200 1200 1200 1300 1300 1200 1200 1300 1200 1200 1500 1100 1100 1300 1300 1300 1400 1400 1100 1100 1500 
1500 1100 1200 1300 1300 1500 1500 1200 1200 1100 300 200 200 100 100 300 400 100 300 300 1500 1500 1200 1600 1100 1600 1100 1100 1100 1100 1300 1300 1300 1300 1300 1100 1100 1304 1200 1100 1100 1100 1300 1300 1300 1600 1600 1300 1100 1500 
1500 1200 1200 1300 1200 1500 1100 1100 1100 1100 100 100 100 100 300 300 300 300 500 500 1500 1200 1200 1200 1600 1600 1100 1100 1300 1100 1500 1100 1100 1400 1400 1600 1600 1300 1300 1500 1100 1300 1300 1300 1600 1200 1500 1200 1200 1500 
1500 1200 1200 1200 1500 1500 1500 1200 1200 1100 100 100 200 200 300 300 300 300 100 1106 1300 1200 1200 1600 1600 1600 1400 1300 1300 1200 1202 1500 1500 1300 1300 1200 1300 1100 1100 1100 1300 1300 1300 1100 1500 1100 1100 1200 1500 1500 
1500 1200 1200 1200 1106 1100 1100 1100 1100 1300 300 100 200 200 600 600 300 200 100 1600 1300 1300 1400 1400 1100 1300 1301 1500 1500 1500 1500 1500 1100 1300 1300 1300 1300 1100 1100 1300 1300 1300 1100 1100 1100 1100 1100 1500 1500 1500 
1500 1100 1200 1200 1100 1100 1100 1100 1100 1500 500 500 200 200 300 300 300 300 300 1500 1300 1500 1300 1100 1100 1300 1200 1500 1500 1500 1500 1100 1100 1100 1100 1300 1500 1500 1300 1300 1100 1300 1300 1100 1100 1100 1100 1500 1100 1500 
1500 1100 1200 1200 1500 1500 1600 1100 1500 1500 1500 1300 1200 1200 1200 1106 1100 1100 1100 1300 1100 1300 1100 1100 1300 1300 1300 1500 1500 1500 1500 1100 1100 1100 1100 1100 1300 1300 1300 1300 1300 1100 1300 1100 1101 1100 1200 1500 1300 1500 
1500 1200 1200 1500 1500 1200 1600 1500 1500 1500 1500 1500 1500 1500 1100 1100 1100 1100 1100 1100 1100 1100 1100 1300 1200 1200 1600 1600 1500 1500 1500 1500 1500 1100 1100 1304 1300 1300 1300 1300 1100 1300 1500 1100 1100 1100 1200 1300 1400 1500 
1500 1200 1200 1200 1200 1600 1600 1600 1500 1500 1200 1200 1600 1200 1500 1100 1100 1200 1300 1300 1200 1300 1300 1300 1300 1600 1600 1600 1500 1500 1200 1200 1400 1100 1100 1405 1300 1500 1500 1500 1500 1500 1500 1100 1100 1100 1300 1300 1200 1500 
1500 1200 1600 1200 1200 1200 1600 1500 1500 1500 1600 1600 1600 1500 1500 1100 1200 1200 1200 1200 1200 1200 1200 1300 1300 1600 1600 1600 1100 1500 1500 1600 1600 1100 1100 1500 1500 1500 1500 1100 1200 1100 1100 1500 1200 1300 1200 1200 1300 1500 
1500 1100 1100 1200 1200 1200 1200 1200 1200 1200 1200 1600 1200 1500 1100 1100 1200 1200 1200 1200 1100 1200 1200 1500 1500 1301 1300 1300 1300 1300 1300 1600 1600 1100 1600 1600 1600 1500 1100 1200 1100 1100 1500 1200 1100 1500 1500 1500 1300 1500 
1500 1200 1500 1100 1200 1200 1200 1200 1300 1304 1300 1100 1200 1200 1500 1500 1200 1200 1200 1100 1200 1200 1202 1200 1300 1300 1300 1300 1300 1300 1300 1600 1600 1602 1200 1100 1100 1500 1200 1600 1100 1500 1500 1500 1500 1500 1500 1500 1300 1500 
1500 1100 1100 1100 1500 1200 1200 1100 1100 1300 1200 1200 1200 1200 1300 1202 1400 1400 1400 1400 1300 1300 1300 1600 1300 1200 1300 1100 1300 1300 1300 1600 1200 1100 1100 1100 1100 1200 1500 1500 1500 1600 1100 1300 1500 1500 1200 1200 1300 1500 
1500 1500 1500 1500 1500 1300 1100 1300 1100 1300 1300 1200 1100 1100 1300 1300 1400 1300 1300 1400 1300 1300 1200 1300 1200 1200 1200 1300 1300 1200 1300 1200 1500 1500 1100 1100 1200 1200 1300 1100 1100 1100 1300 1500 1500 1600 1200 1200 1100 1500 
1500 1500 1500 1500 1500 1300 1200 1200 1300 1600 1300 1100 1100 1300 1400 1200 1200 1300 1300 1400 1300 1300 1300 1300 1200 1200 1300 1300 1100 1100 1100 1100 1100 1500 1100 1200 1200 1200 1300 1100 1100 1100 1500 1500 1500 1202 1200 1600 1600 1500 
1500 1200 1500 1500 1500 1200 1200 1200 1300 1300 1300 1500 1500 1400 1200 1100 1200 1200 1405 1200 1100 1300 1100 1200 1200 1200 1300 1300 1500 1100 1100 1100 1100 1500 1200 1200 1300 1300 1300 1500 1100 1500 1500 1500 1200 1200 1100 1600 1100 1500 
1500 1200 1100 1100 1200 1200 1200 1200 1300 1300 1300 1400 1600 1100 1200 1500 1300 1200 1200 1200 1100 1300 1300 1600 1600 1300 1300 1400 1500 1100 1200 1200 1100 1200 1200 1200 1200 1200 1300 1500 1500 1500 1101 1200 1500 1600 1200 1100 1600 1500 
1500 1200 1200 1200 1200 1200 1200 1200 1200 1200 1300 1200 1200 1100 1500 1500 1500 1500 1500 1100 1100 1300 1300 1300 1300 1300 1100 1100 1500 1200 1200 1200 1200 1200 1200 1500 1200 1100 1100 1301 1300 1300 1300 1300 1600 1200 1600 1600 1600 1500 
1500 1200 1100 1600 1200 1200 1500 1200 1200 1300 1300 1200 1300 1300 1500 1500 1500 1500 1500 1500 1500 1300 1300 1101 1100 1100 1200 1100 1200 1200 1200 1200 1200 1200 1200 1500 1200 1100 1100 1300 1300 1300 1300 1300 1600 1200 1200 1600 1600 1500 
1500 1200 1100 1200 1600 1300 1300 1200 1300 1500 1300 1100 1200 1300 1100 1500 1500 1300 1300 1500 1500 1500 1300 1100 1101 1200 1200 1300 1100 1600 1600 1100 1200 1200 1200 1200 1200 1500 1100 1300 1100 1300 1300 1200 1200 1200 1600 1600 1200 1500 
1500 1100 1500 1600 1300 1300 1300 1300 1200 1200 1300 1200 1200 1100 1600 1200 1500 1300 1200 1200 1200 1200 1100 1200 1100 1100 1300 1300 1100 1100 1100 1100 1500 1200 1500 1500 1500 1100 1100 1300 1100 1400 1400 1300 1300 1300 1300 1200 1200 1500 
1500 1500 1500 1500 1300 1300 1300 1400 1400 1200 1300 1200 1400 1400 1600 1600 1500 1300 1200 1200 1300 1100 1100 1500 1100 1100 1100 1300 1300 1500 1100 1500 1500 1500 1200 1200 1200 1500 1600 1100 1100 1400 1300 1200 1300 1300 1200 1200 1200 1500 
1500 1500 1400 1600 1300 1100 1301 1200 1200 1300 1300 1200 1400 1300 1300 1500 1100 1100 1100 1300 1100 1100 1500 1500 1200 1101 1300 1600 1500 1200 1100 1500 1500 1200 1200 1200 1200 1200 1200 1500 1200 1200 1300 1600 1400 1100 1200 1200 1200 1500 
1500 1200 1200 1400 1100 1300 1100 1200 1400 1400 1400 1100 1300 1200 1100 1100 1106 1100 1100 1100 1300 1300 1100 1500 1500 1100 1100 1500 1500 1100 1500 1500 1500 1200 1200 1200 1200 1200 1200 1100 1500 1500 1100 1200 1100 1100 1200 1200 1200 1500 
1500 1200 1100 1100 1300 1300 1200 1100 1400 1500 1500 1500 1300 1600 1100 1106 1100 1100 1100 1100 1100 1500 1500 1500 1500 1200 1200 1200 1100 1300 1500 1500 1100 1100 1400 1600 1200 1200 1100 1400 1200 1500 1200 1200 1100 1100 1100 1100 1200 1500 
1500 1100 1100 1100 1200 1500 1500 1500 1200 1500 1500 1300 1100 1100 1100 1200 1400 1100 1100 1100 1300 1200 1300 1500 1500 1100 1100 1300 1300 1500 1400 1100 1100 1400 1200 1200 1200 1202 1400 1400 1100 1100 1200 1500 1100 1100 1500 1200 1200 1500 
1500 1100 1100 1100 1100 1500 1500 1500 1100 1500 1200 1300 1100 1100 1500 1100 1100 1100 1100 1300 1300 1300 1300 1500 1500 1100 1500 1500 1500 1200 1400 1500 1200 1200 1200 1200 1200 1200 1200 1100 1500 1500 1500 1500 1500 1200 1500 1300 1200 1500 
1500 1100 1100 1100 1100 1300 1400 1500 1500 1500 1500 1101 1200 1100 1300 1100 1600 1300 1400 1300 1200 1300 1500 1500 1500 1500 1500 1500 1100 1200 1500 1500 1400 1200 1200 1200 1200 1500 1100 1100 1500 1500 1500 1500 1500 1500 1100 1500 1200 1500 
1500 1100 1100 1100 1400 1500 1500 1500 1500 1500 1500 1200 1100 1100 1100 1600 1600 1600 1600 1300 1100 1300 1200 1200 1500 1100 1100 1100 1200 1200 1100 1400 1300 1600 1200 1600 1200 1200 1500 1500 1500 1500 1300 1500 1100 1500 1500 1500 1200 1500 
1500 1100 1100 1200 1500 1500 1500 1500 1500 1500 1200 1300 1100 1300 1300 1300 1600 1600 1200 1100 1100 1200 1200 1200 1500 1500 1500 1200 1200 1100 1100 1400 1300 1600 1600 1200 1200 1600 1500 1500 1500 1500 1500 1100 1500 1500 1500 1500 1500 1500 
1500 1100 1200 1100 1500 1600 1600 1500 1500 1600 1600 1300 1300 1200 1300 1300 1300 1600 1600 1100 1200 1301 1200 1200 1500 1200 1202 1200 1100 1200 1200 1100 1200 1600 1600 1600 1300 1300 1200 1500 1500 1500 1500 1500 1100 1100 1500 1500 1500 1500 
1500 1200 1100 1500 1500 1500 1600 1600 1600 1600 1600 1100 1100 1100 1300 1300 1300 1600 1101 1200 1100 1300 1200 1500 1500 1200 1100 1200 1200 1200 1600 1600 1600 1602 1200 1200 1300 1300 1300 1200 1500 1500 1500 1100 1100 1100 1300 1200 1200 1500 
1500 1200 1500 1500 1500 1500 1200 1600 1600 1200 1200 1300 1100 1100 1300 1200 1600 1100 1100 1100 1100 1100 1500 1500 1500 1100 1300 1200 1200 1200 1600 1400 1100 1100 1500 1500 1500 1500 1101 1100 1300 1200 1200 1500 1100 1100 1300 1200 1100 1500 
1500 1500 1600 1200 1500 1500 1600 1300 1300 1300 1100 1100 1300 1300 1200 1200 1300 1600 1100 1200 1100 1100 1500 1100 1200 1200 1200 1200 1200 1200 1200 1200 1100 1100 1100 1500 1200 1200 1100 1300 1200 1200 1200 1100 1100 1100 1200 1200 1200 1500 
1500 1600 1200 1100 1600 1100 1100 1300 1100 1100 1100 1300 1300 1100 1400 1100 1300 1300 1500 1100 1100 1300 1500 1500 1200 1200 1200 1200 1200 1200 1200 1200 1100 1100 1100 1100 1200 1200 1200 1300 1200 1200 1200 1200 1100 1200 1300 1200 1100 1500 
1500 1500 1500 1500 1500 1500 1500 1500 1500 1500 1500 1500 1500 1500 1500 1500 1500 1500 1500 1500 1500 1500 1500 1500 1500 1500 1500 1500 1500 1500 1500 1500 1500 1500 1500 1500 1500 1500 1500 1500 1500 1500 1500 1500 1500 1500 1500 1500 1500 1500 
=
0 0 0 0 0 0 0 0 0 0 0 0 0 0 0 0 0 0 0 0 0 0 0 0 0 0 0 0 0 0 0 0 0 0 0 0 0 0 0 0 0 0 0 0 0 0 0 0 0 0 
0 0 0 0 0 0 0 0 0 0 0 0 0 0 0 0 0 0 203 0 0 0 0 0 0 0 0 0 0 0 0 0 0 0 0 0 0 0 0 0 0 0 0 0 0 0 0 0 0 0 
0 0 0 0 0 0 0 0 0 0 0 0 0 0 0 0 0 0 0 0 0 0 0 0 0 0 0 0 0 0 0 0 0 0 0 0 0 0 0 0 0 0 0 0 0 0 0 0 0 0 
0 0 0 0 0 0 0 0 0 0 0 0 0 0 0 0 0 0 0 0 0 0 0 0 0 0 0 0 0 0 0 0 0 0 0 0 0 0 0 0 0 0 0 0 0 0 0 0 0 0 
0 0 0 0 0 0 0 0 0 0 0 0 203 0 0 0 0 0 0 0 0 0 0 0 0 0 0 0 0 0 0 0 0 0 0 0 0 0 0 0 0 0 0 0 0 0 0 0 0 0 
0 202 0 0 0 202 0 0 0 0 0 0 202 0 0 0 0 0 0 0 0 0 0 0 0 0 0 0 0 0 0 0 0 0 0 0 0 0 0 0 0 0 0 0 0 0 0 0 0 0 
0 0 0 0 0 0 0 0 0 0 0 202 0 0 0 0 0 0 0 0 0 0 0 0 0 0 0 0 0 0 0 0 0 0 0 0 0 0 0 0 0 0 0 0 0 0 0 0 0 0 
0 0 0 204 0 0 0 250 0 0 0 203 0 0 0 0 0 0 0 0 0 0 0 0 0 0 0 0 0 0 0 0 0 0 0 0 0 0 0 0 0 0 0 0 0 0 0 0 0 0 
0 0 0 0 0 0 0 0 0 0 203 0 0 0 0 0 0 0 0 0 0 0 0 0 0 0 0 0 0 0 0 0 0 0 0 0 0 0 0 0 0 0 0 0 0 0 0 0 0 0 
0 0 0 0 0 0 0 0 0 0 0 0 0 0 0 0 0 0 0 0 0 0 0 0 0 0 0 0 0 0 0 0 0 0 0 0 0 0 0 0 0 0 0 0 0 0 0 0 0 0 
0 0 0 0 0 0 0 0 0 202 251 0 0 0 0 0 0 0 0 0 0 0 0 0 202 0 0 0 0 0 0 0 0 0 0 0 0 0 0 0 0 0 0 0 0 0 0 0 0 0 
0 0 0 0 0 0 0 0 0 202 0 0 0 0 0 0 0 0 0 0 0 0 0 0 0 0 0 0 0 0 0 0 0 0 0 0 0 0 0 0 0 0 0 0 0 0 0 0 0 0 
0 0 0 0 0 0 0 0 0 0 0 0 0 0 0 0 0 0 0 0 0 0 0 0 0 0 0 0 0 0 0 0 0 0 0 0 0 0 0 0 0 0 0 0 0 0 0 0 0 0 
0 0 0 0 0 0 0 0 0 0 0 0 0 0 0 0 0 0 0 0 0 0 0 0 0 0 0 0 0 0 0 0 0 0 0 0 0 0 0 0 0 0 0 0 0 0 0 0 0 0 
0 0 0 0 0 0 0 0 0 0 0 0 0 0 105 0 0 0 0 0 0 0 0 0 0 0 0 0 0 0 0 0 0 0 0 0 0 0 0 0 0 0 0 0 0 0 0 0 0 0 
0 0 0 0 0 0 0 0 0 0 0 0 0 0 150 0 0 0 0 0 0 0 0 0 0 0 0 0 0 0 0 0 0 0 0 0 0 0 0 0 0 0 0 0 0 0 0 0 0 0 
0 0 0 0 0 0 0 0 0 0 0 0 0 0 0 0 0 0 0 0 0 0 0 0 0 0 0 0 0 0 0 0 0 0 0 0 0 0 0 0 0 0 0 0 0 0 0 0 0 0 
0 0 0 0 0 0 0 0 0 0 0 0 0 0 0 0 0 0 0 0 0 0 0 0 0 0 0 0 0 0 0 0 0 0 0 0 0 0 0 0 0 0 0 0 0 0 0 0 0 0 
0 0 0 0 0 0 0 0 0 0 0 0 0 0 0 0 0 0 0 0 0 0 0 0 0 0 0 0 0 0 0 0 0 0 0 0 0 0 0 0 0 0 0 0 0 0 0 0 0 0 
0 0 0 0 0 0 0 0 0 0 0 0 0 0 0 0 0 0 0 0 0 0 0 0 0 0 0 0 0 0 0 0 0 0 0 0 0 0 0 0 0 0 0 0 0 0 0 0 0 0 
0 0 0 0 0 0 0 0 0 0 0 0 0 0 0 0 0 0 0 0 0 0 0 0 0 0 0 0 0 0 0 0 0 0 0 0 0 0 0 0 0 0 0 0 0 0 0 0 0 0 
0 0 0 0 0 0 0 0 0 0 0 0 0 0 0 0 0 0 0 0 0 0 0 0 0 0 0 0 0 0 0 0 0 0 0 0 0 0 0 0 0 0 0 0 0 0 0 0 0 0 
0 0 0 0 0 0 0 0 0 0 0 0 0 0 0 0 0 0 0 0 0 0 0 0 0 0 0 0 0 0 0 0 0 0 0 0 0 0 0 0 0 0 0 0 0 0 0 0 0 0 
0 0 0 0 0 0 0 0 0 0 0 0 0 0 0 0 0 0 0 0 0 0 0 0 0 0 0 0 0 0 0 0 0 0 0 0 0 0 0 0 0 0 0 0 0 0 0 0 0 0 
0 0 0 0 0 0 0 0 0 0 0 0 0 0 0 0 0 0 0 0 0 0 0 0 0 0 0 0 0 0 0 0 0 0 0 0 0 0 0 0 0 0 0 0 0 0 0 0 0 0 
0 0 0 0 0 0 0 0 0 0 0 0 0 0 0 0 0 0 0 0 0 0 0 0 0 0 0 0 0 0 0 0 0 0 0 0 0 0 0 0 0 0 0 0 0 0 0 0 0 0 
0 0 0 0 0 0 0 0 0 0 0 0 0 0 0 0 0 0 0 0 0 0 0 0 0 0 0 0 0 0 0 0 0 0 0 0 0 0 0 0 0 0 0 0 0 0 0 0 0 0 
0 0 0 0 0 0 0 0 0 0 0 0 0 0 0 0 0 0 0 0 0 0 303 0 0 0 0 0 0 0 0 0 0 0 0 0 0 0 0 0 0 0 0 0 0 0 0 0 0 0 
0 0 0 0 0 0 0 0 0 0 0 0 0 0 0 0 0 0 0 0 0 0 0 0 0 0 0 0 0 0 0 0 0 0 0 0 0 0 0 0 0 0 0 0 0 0 0 0 0 0 
0 0 0 0 0 0 0 0 0 0 0 0 0 0 0 0 0 0 0 0 0 0 0 0 0 0 0 0 0 0 0 0 0 0 0 0 0 0 0 0 0 0 0 0 0 0 0 0 0 0 
0 0 0 0 0 0 0 0 0 0 0 0 0 0 0 0 0 0 0 0 0 0 0 0 0 0 0 0 0 0 0 0 0 0 0 0 0 0 0 0 0 0 0 0 0 0 0 0 0 0 
0 0 0 0 0 0 0 0 0 0 0 0 0 0 0 0 0 0 0 0 0 0 0 0 0 0 0 0 0 0 0 0 0 0 0 0 0 0 0 0 0 0 0 0 0 0 0 0 0 0 
0 0 0 0 0 0 0 0 0 0 0 0 0 0 0 0 0 0 0 0 0 0 0 0 0 0 0 0 0 0 0 0 0 0 0 0 0 0 0 0 0 0 0 0 0 0 0 0 0 0 
0 0 0 0 0 0 0 0 0 0 0 0 0 0 0 0 0 0 0 0 0 0 0 0 0 0 0 0 0 0 0 0 0 0 0 0 0 0 0 0 0 0 0 0 0 0 0 0 0 0 
0 0 0 0 0 0 0 0 0 0 0 0 0 0 0 0 0 0 0 0 0 0 0 0 0 0 0 0 0 0 0 0 0 0 0 0 0 0 0 0 0 0 0 0 0 0 0 0 0 0 
0 0 0 0 0 0 0 0 0 0 0 0 0 0 0 0 0 0 0 0 0 0 0 0 0 0 0 0 0 0 0 0 0 0 0 0 0 0 0 0 0 0 0 0 0 0 0 0 0 0 
0 0 0 0 0 0 0 0 0 0 0 0 0 0 0 0 0 0 0 0 0 0 0 0 0 0 0 0 0 0 0 0 0 0 0 0 0 0 0 0 0 0 0 0 0 0 0 0 0 0 
0 0 0 0 0 0 0 0 0 0 0 0 0 0 0 0 0 0 0 0 0 0 0 0 0 0 0 0 0 0 0 0 0 0 0 0 0 0 0 0 0 0 0 0 0 0 0 0 0 0 
0 0 0 0 0 0 0 0 0 0 0 0 0 0 0 0 0 0 0 0 0 0 0 0 0 0 0 0 0 0 0 0 0 0 0 0 0 0 0 0 0 0 0 0 0 0 0 0 0 0 
0 0 0 0 0 0 0 0 0 0 0 0 0 0 0 0 0 0 0 0 0 0 0 0 0 0 0 0 0 0 0 0 0 0 0 0 0 0 0 0 0 0 0 0 0 0 0 0 0 0 
0 0 0 0 0 0 0 0 0 0 0 0 0 0 0 0 0 0 0 0 0 0 0 0 0 0 0 0 0 0 0 0 0 0 0 0 0 0 0 0 0 0 0 0 0 0 0 0 0 0 
0 0 0 0 0 0 0 0 0 0 0 0 0 0 0 0 0 0 0 0 0 0 0 0 0 0 0 0 0 0 0 0 0 0 0 0 0 0 0 0 0 0 0 0 0 0 0 0 0 0 
0 0 0 0 0 0 0 0 0 0 0 0 0 0 0 0 0 0 0 0 0 0 0 0 0 0 0 0 0 0 0 0 0 0 0 0 0 0 0 0 0 0 0 0 0 0 0 0 0 0 
0 0 0 0 0 0 0 0 0 0 0 0 0 0 0 0 0 0 0 0 0 0 0 0 0 0 0 0 0 0 0 0 0 0 0 0 0 0 0 0 0 0 0 0 0 0 0 0 0 0 
0 0 0 0 0 0 0 0 0 0 0 0 0 0 0 0 0 0 0 0 0 0 0 0 0 0 0 0 0 0 0 0 0 0 0 0 0 0 0 0 0 0 0 0 0 0 0 0 0 0 
0 0 0 0 0 0 0 0 0 0 0 0 0 0 0 0 0 0 0 0 0 0 0 0 0 0 0 0 0 0 0 0 0 0 0 0 0 0 0 0 0 0 0 0 0 0 0 0 0 0 
0 0 0 0 0 0 0 0 0 0 0 0 0 0 0 0 0 0 0 0 0 0 0 0 0 0 0 0 0 0 0 0 0 0 0 0 0 0 0 0 0 0 0 0 0 0 0 0 0 0 
0 0 0 0 0 0 0 0 0 0 0 0 0 0 0 0 0 0 0 0 0 0 0 0 0 0 0 0 0 0 0 0 0 0 0 0 0 0 0 0 0 0 0 0 0 0 0 0 0 0 
0 0 0 0 0 0 0 0 0 0 0 0 0 0 0 0 0 0 0 0 0 0 0 0 0 0 0 0 0 0 0 0 0 0 0 0 0 0 0 0 0 0 0 0 0 0 0 0 0 0 
0 0 0 0 0 0 0 0 0 0 0 0 0 0 0 0 0 0 0 0 0 0 0 0 0 0 0 0 0 0 0 0 0 0 0 0 0 0 0 0 0 0 0 0 0 0 0 0 0 0 
=
player 1 116 0
_
NoNameTown 1 480 448 5 1 3 10 44 10 0 1071 0 0
~

*

&
1 3 3 2 0 0 5 1 448 448 1|
#
EasyBot 2 225 0
_
NoNameTown 2 320 320 10 1 2 10 4 10 0 1964 0 0
~

*
NoNameTown 2 224 224 10 1 2 10 14 10 0 1985 0 0
~

*

&
1 0 1 3 0 0 2 2 320 768 1|1 2 3 3 0 0 3 2 128 384 1|1 2 3 3 0 0 3 2 224 352 1|1 0 1 3 0 0 2 2 160 384 1|1 1 2 4 0 0 4 2 224 96 1|1 0 1 3 0 0 2 2 320 288 1|1 2 3 3 0 0 3 2 32 576 1|1 0 1 3 0 0 2 2 160 32 1|1 2 3 3 0 0 3 2 256 320 1|1 0 1 3 0 0 2 2 352 288 1|1 0 1 3 0 0 2 2 160 160 1|1 0 1 3 0 0 2 2 192 352 1|1 0 1 3 0 0 1 2 320 320 1|
#
EasyBot 3 0 0
_

&
1 2 3 3 0 0 3 3 864 704 1|
#
1500 1500 1500 1500 1500 1500 1500 1500 1500 1500 1500 1500 1500 1500 1500 1500 1500 1500 1500 1500 1500 1500 1500 1500 1500 1500 1500 1500 1500 1500 1500 1500 1500 1500 1500 1500 1500 1500 1500 1500 1500 1500 1500 1500 1500 1500 1500 1500 1500 1500 
1500 1100 1200 1500 1500 1200 1200 1500 1200 1200 1200 1600 1200 1200 1200 1200 1100 1100 1200 1500 1500 1500 1600 1600 1100 1100 1100 1200 1200 1200 1500 1600 1300 1100 1200 1100 1200 1500 1500 1100 1200 1200 1200 1200 1100 1100 1200 1301 1200 1500 
1500 1500 1200 1500 1500 1500 1500 1500 1600 1200 1200 1200 1300 1200 1100 1100 1500 1100 1500 1100 1600 1600 1600 1200 1200 1200 1200 1200 1200 1100 1300 1300 1500 1100 1100 1500 1500 1500 1600 1100 1200 1200 1200 1200 1200 1300 1300 1300 1500 1500 
1500 1500 1500 1200 1600 1500 1500 1600 1200 1200 1200 1300 1300 1300 1100 1200 1100 1100 1500 1300 1300 1300 1300 1200 1200 1100 1100 1100 1200 1100 1200 1500 1500 1500 1500 1500 1600 1600 1200 1100 1200 1200 1200 1200 1400 1300 1300 1500 1500 1500 
1500 1200 1200 1500 1500 1500 1500 1600 100 200 100 1500 1300 1300 1100 1100 1200 1200 1100 1300 1300 1300 1200 1300 1600 1200 1100 1100 1202 1200 1100 1300 1600 1500 1100 1500 1600 1100 1200 1200 1200 1500 1301 1100 1100 1300 1300 1300 1100 1500 
1500 1200 1200 1100 1100 1100 1100 100 200 200 200 200 1200 1300 1300 1200 1200 1200 1200 1300 1602 1600 1600 1300 1300 1100 1100 1100 1100 1100 1100 1600 1600 1600 1500 1500 1500 1500 1500 1100 1100 1100 1300 1100 1100 1100 1300 1300 1500 1500 
1500 1100 1100 1100 1100 1100 1500 500 200 200 200 200 200 1300 1300 1200 1200 1200 1200 1400 1300 1100 1300 1300 1300 1200 1200 1200 1100 1100 1100 1600 1600 1600 1600 1500 1500 1200 1100 1100 1100 1100 1100 1100 1100 1300 1200 1300 1300 1500 
1500 1100 1100 1100 1100 1600 1500 500 200 200 200 200 500 200 1200 1200 1200 1200 1600 1600 1100 1100 1100 1100 1300 1200 1600 1100 1200 1100 1100 1300 1600 1300 1600 1600 1300 1100 1100 1100 1100 1100 1400 1100 1400 1400 1400 1300 1300 1500 
1500 1200 1200 1200 1300 1400 1500 200 100 200 200 200 200 200 300 1200 1600 1100 1600 1500 1500 1100 1500 1300 1200 1200 1100 1100 1100 1100 1100 1200 1600 1100 1600 1100 1300 1100 1100 1100 1300 1400 1500 1500 1300 1400 1200 1300 1600 1500 
1500 1200 1200 1200 1300 1200 1500 1200 1200 1200 200 200 600 200 300 1300 1300 1100 1200 1200 1200 1200 1200 1200 1200 1100 1200 1100 1100 1400 1400 1600 1200 1200 1200 1400 1300 1100 1600 1200 1100 1500 1500 1500 1300 1300 1600 1600 1600 1500 
1500 1200 1200 1200 1200 1500 1200 1200 1200 1200 1200 600 600 300 300 1200 1200 1100 1300 1500 1200 1200 1200 1200 1200 1100 1500 1500 1500 1100 1100 1200 1300 1200 1100 1300 1100 1106 1100 1600 1600 1500 1500 1500 1500 1300 1200 1600 1600 1500 
1500 1200 1200 1202 1200 1400 1100 1200 1200 1200 600 600 600 600 600 1300 1200 1100 1300 1300 1200 1300 1200 1200 1200 1200 1300 1200 1500 1100 1500 1500 1100 1200 1300 1400 1100 1100 1600 1600 1600 1600 1600 1400 1300 1300 1500 1500 1600 1500 
1500 1200 1200 1200 1600 1600 1200 1200 1202 1200 200 600 600 600 600 1600 1100 1100 1100 1200 1300 1300 1200 1200 1600 1200 1600 1600 1500 1500 1200 1600 1600 1600 1600 1600 1600 1300 1600 1200 1100 1100 1600 1300 1500 1500 1500 1100 1300 1500 
1500 1200 1200 1600 1600 1200 1200 1200 1200 1202 600 600 200 300 300 300 1100 1300 1100 1300 1300 1200 1200 1200 1200 1600 1600 1600 1600 1200 1600 1100 1602 1600 1600 1100 1400 1300 1300 1100 1100 1600 1100 1300 1300 1500 1500 1500 1500 1500 
1500 1200 1200 1600 1200 1200 1200 1500 1200 1200 500 600 300 300 301 200 200 1200 1100 1100 1200 1200 1200 1200 1600 1600 1600 1600 1200 1200 1200 1100 1600 1600 1300 1300 1300 1300 1300 1600 1600 1600 1100 1200 1200 1300 1500 1500 1500 1500 
1500 1200 1200 1200 1600 1200 1100 1500 1100 1500 500 300 400 100 300 200 200 1200 1600 1100 1200 1400 1400 1200 1400 1600 1200 1200 1200 1200 1300 1300 1100 1600 1300 1300 1300 1200 1300 1200 1600 1200 1600 1200 1200 1300 1300 1500 1100 1500 
1500 1200 1600 1600 1300 1100 1500 1100 1500 1500 1500 1600 1600 600 300 200 200 1200 1200 1300 1200 1400 1500 1200 1300 1300 1200 1200 1200 1200 1200 1300 1600 1600 1600 1300 1100 1100 1500 1500 1300 1100 1200 1300 1300 1300 1300 1100 1100 1500 
1500 1600 1100 1300 1300 1500 1100 1100 1500 1500 1500 1200 1600 1500 1500 1500 1300 1300 1200 1200 1300 1500 1500 1500 1100 1100 1200 1600 1600 1200 1200 1600 1600 1600 1600 1200 1100 1300 1200 1100 1100 1100 1300 1300 1301 1300 1300 1200 1200 1500 
1500 1100 1600 1300 1300 1100 1100 1500 1500 1500 1200 1200 1200 1600 1500 1500 1500 1600 1200 1200 1500 1500 1500 1500 1300 1200 1200 1500 1300 1200 1200 1200 1100 1200 1200 1200 1600 1200 1200 1200 1300 1300 1100 1500 1100 1300 1200 1200 1300 1500 
1500 1100 1600 1200 1100 1100 1100 1500 1500 1500 1300 1500 1600 1600 1200 1500 1100 1200 1200 1500 1100 1500 1500 1100 1101 1200 1100 1200 1300 1500 1500 1500 1200 1300 1300 1100 1200 1200 1200 1300 1500 1500 1500 1100 1100 1200 1300 1300 1300 1500 
1500 1500 1600 1200 1200 1300 1500 1500 1500 1500 1500 1500 1600 1600 1600 1200 1200 1200 1100 1300 1100 1100 1100 1100 1100 1100 1600 1106 1500 1500 1500 1500 1500 1300 1300 1100 1100 1100 1200 1600 1500 1500 1100 1100 1100 1600 1600 1300 1200 1500 
1500 1200 1200 1400 1200 1200 1600 1600 1500 1100 1300 1200 1100 1600 1200 1200 1200 1200 1300 1500 1200 1100 1100 1100 1100 1100 1600 1600 1600 1500 1500 1500 1200 1300 1300 1101 1100 1100 1100 1301 1100 1200 1100 1100 1100 1100 1100 1100 1100 1500 
1500 1200 1200 1200 1100 1400 1100 1500 1500 1200 1200 1100 1100 1100 1300 1200 1200 1500 1500 1500 1500 1300 1300 1100 1100 1200 1200 1600 1500 1200 1200 1500 1500 1500 1500 1500 1200 1100 1100 1100 1200 1100 1100 1100 1200 1200 1100 1100 1500 1500 
1500 1200 1200 1100 1100 1600 1100 1300 1500 1200 1100 1100 1300 1300 1300 1100 1300 1300 1500 1500 1500 1300 1200 1300 1100 1200 1400 1600 1100 1202 1500 1500 1200 1200 1500 1500 1500 1500 1100 1200 1200 1300 1100 1100 1200 1200 1500 1500 1500 1500 
1500 1200 1200 1200 1500 1600 1300 1300 1200 1100 1300 1300 1300 1300 1300 1300 1300 1300 1200 1200 1300 1600 1600 1300 1200 1200 1200 1600 1100 1200 1500 1500 1200 1500 1500 1500 1200 1400 1400 1100 1100 1200 1100 1100 1200 1200 1500 1500 1100 1500 
1500 1200 1200 1200 1500 1500 1400 1200 1304 1300 1300 1300 1300 1100 1300 1300 1300 1200 1200 1200 1200 1600 1200 1300 1200 1200 1200 1200 1200 1200 1400 1400 1500 1500 1500 1500 1500 1400 1400 1300 1100 1100 1100 1200 1200 1500 1500 1500 1100 1500 
1500 1200 1202 1200 1200 1500 1500 1400 1300 1600 1300 1600 1300 1100 1100 1600 1600 1400 1300 1200 1600 1300 1300 1300 1300 1300 1202 1200 1200 1300 1300 1300 1500 1500 1500 1400 1600 1600 1300 1300 1400 1300 1300 1400 1300 1500 1200 1600 1600 1500 
1500 1200 1200 1200 1202 1500 1500 1200 1200 1300 1300 1600 1600 1100 1600 1600 1600 1600 1600 1600 1602 1300 1300 1300 1300 1300 1200 1200 1100 1300 1200 1100 1200 1200 1600 1600 1600 1200 1600 1400 1100 1300 1300 1300 1100 1200 1500 1600 1200 1500 
1500 1202 1600 1200 1600 1500 1500 1300 1300 1300 1600 1600 1600 1600 1600 1600 1600 1600 1600 1600 1600 1300 1300 1300 1300 1300 1100 1100 1300 1500 1200 1500 1200 1200 1500 1100 1200 1100 1300 1400 1300 1300 1100 1300 1500 1500 1500 1200 1300 1500 
1500 1602 1200 1200 1200 1300 1304 1100 1100 1100 1100 1600 1600 1600 1600 1600 1600 1600 1600 1600 1500 1500 1300 1200 1304 1200 1100 1500 1500 1200 1500 1500 1200 1200 1100 1100 1500 1500 1300 1202 1200 1200 1300 1200 1300 1500 1500 1300 1300 1500 
1500 1200 1200 1600 1100 1300 1300 1100 1100 1200 1200 1200 1600 1600 1600 1200 1200 1300 1200 1100 1600 1602 1300 1300 1300 1300 1200 1500 1500 1500 1500 1100 1200 1100 1100 1100 1500 1500 1200 1200 1300 1300 1200 1400 1300 1500 1200 1600 1200 1500 
1500 1200 1500 1500 1400 1300 1300 1300 1600 1600 1200 1200 1500 1600 1600 1600 1500 1200 1600 1200 1600 1600 1600 1300 1300 1400 1200 1600 1200 1500 1500 1200 1200 1200 1100 1600 1200 1300 1300 1300 1100 1100 1200 1300 1300 1200 1200 1200 1200 1500 
1500 1100 1500 1500 1400 1300 1300 1100 1100 1600 1300 1300 1500 1500 1500 1500 1500 1500 1100 1500 1500 1500 1500 1500 1500 1400 1500 1200 1600 1600 1100 1100 1405 1200 1200 1200 1200 1300 1100 1300 1100 1200 1200 1300 1200 1200 1200 1200 1100 1500 
1500 1200 1500 1500 1100 1100 1100 1200 1600 1600 1300 1300 1500 1500 1500 1500 1500 1100 1100 1200 1200 1500 1500 1100 1100 1100 1500 1500 1600 1100 1100 1600 1600 1200 1200 1200 1200 1100 1200 1100 1100 1100 1400 1200 1300 1300 1300 1300 1100 1500 
1500 1200 1400 1100 1100 1200 1100 1200 1200 1400 1300 1300 1400 1600 1500 1200 1200 1100 1500 1200 1500 1500 1500 1100 1200 1300 1200 1400 1300 1100 1100 1600 1600 1600 1600 1200 1100 1300 1100 1200 1100 1200 1400 1400 1400 1200 1300 1300 1200 1500 
1500 1100 1400 1300 1300 1200 1200 1200 1300 1300 1200 1300 1300 1100 1500 1200 1101 1100 1200 1200 1500 1500 1100 1300 1300 1200 1500 1500 1100 1100 1100 1100 1100 1100 1100 1300 1300 1300 1500 1100 1200 1100 1100 1100 1300 1400 1400 1300 1100 1500 
1500 1100 1300 1300 1100 1100 1300 1300 1300 1300 1300 1200 1200 1600 1500 1100 1100 1500 1200 1200 1300 1300 1300 1300 1200 1200 1300 1200 1100 1100 1100 1100 1200 1100 1300 1200 1202 1100 1100 1500 1100 1100 1101 1100 1400 1300 1304 1100 1200 1500 
1500 1200 1600 1300 1100 1200 1300 1300 1400 1300 1300 1300 1500 1500 1500 1100 1100 1500 1200 1200 1200 1600 1200 1200 1200 1200 1300 1400 1200 1300 1500 1200 1100 1106 1300 1200 1200 1200 1600 1600 1500 1100 1500 1100 1100 1300 1100 1100 1500 1500 
1500 1600 1600 1600 1600 1200 1300 1400 1400 1300 1300 1300 1300 1500 1100 1100 1100 1200 1200 1600 1500 1300 1300 1200 1200 1200 1200 1300 1300 1304 1100 1400 1200 1200 1200 1200 1200 1200 1600 1600 1500 1500 1100 1100 1500 1300 1300 1300 1500 1500 
1500 1600 1600 1600 1200 1200 1600 1400 1100 1600 1600 1600 1300 1300 1100 1100 1200 1200 1600 1600 1500 1300 1304 1300 1200 1200 1200 1200 1300 1300 1400 1300 1300 1200 1200 1200 1200 1600 1600 1200 1200 1200 1500 1500 1100 1200 1101 1200 1600 1500 
1500 1100 1600 1600 1200 1600 1600 1100 1200 1600 1600 1600 1100 1100 1100 1100 1100 1600 1600 1600 1600 1300 1100 1500 1300 1301 1100 1300 1300 1100 1300 1100 1100 1300 1200 1200 1200 1600 1300 1100 1200 1200 1100 1100 1200 1200 1100 1300 1200 1500 
1500 1200 1600 1600 1500 1500 1100 1200 1600 1600 1600 1300 1300 1200 1300 1100 1600 1600 1600 1600 1600 1100 1100 1500 1600 1100 1100 1300 1300 1100 1100 1300 1200 1200 1300 1200 1200 1300 1300 1200 1600 1600 1600 1300 1100 1300 1200 1200 1200 1500 
1500 1200 1600 1400 1200 1100 1200 1200 1600 1600 1600 1300 1200 1500 1200 1200 1600 1200 1200 1600 1600 1100 1100 1600 1100 1200 1200 1300 1200 1400 1300 1100 1100 1100 1300 1200 1300 1300 1300 1300 1600 1600 1600 1600 1600 1300 1200 1200 1200 1500 
1500 1100 1101 1100 1101 1100 1500 1500 1600 1200 1200 1200 1200 1200 1200 1200 1200 1200 1200 1500 1100 1100 1100 1200 1100 1600 1100 1200 1200 1200 1100 1200 1100 1100 1100 1100 1300 1300 1400 1200 1200 1600 1200 1600 1600 1100 1200 1300 1200 1500 
1500 1100 1100 1200 1100 1100 1500 1500 1200 1100 1600 1600 1300 1300 1500 1200 1200 1200 1500 1500 1106 1100 1100 1100 1600 1600 1200 1300 1200 1300 1500 1200 1202 1200 1100 1100 1100 1300 1200 1200 1100 1300 1200 1600 1500 1600 1600 1200 1600 1500 
1500 1100 1200 1200 1200 1100 1500 1200 1101 1300 1300 1500 1500 1500 1200 1500 1500 1100 1500 1500 1100 1100 1500 1600 1600 1600 1300 1300 1300 1100 1100 1200 1200 1200 1100 1202 1200 1200 1200 1200 1300 1300 1200 1600 1600 1600 1200 1600 1200 1500 
1500 1200 1200 1500 1100 1100 1500 1200 1200 1500 1200 1200 1200 1100 1100 1100 1500 1500 1500 1100 1500 1500 1500 1600 1600 1600 1200 1300 1300 1500 1500 1500 1500 1500 1300 1300 1100 1600 1600 1200 1200 1100 1200 1300 1200 1200 1200 1200 1600 1500 
1500 1200 1200 1300 1100 1100 1600 1500 1500 1100 1100 1200 1300 1100 1100 1600 1500 1500 1500 1500 1500 1300 1400 1600 1100 1100 1300 1300 1500 1500 1500 1500 1500 1500 1500 1500 1300 1100 1600 1200 1300 1300 1300 1301 1200 1200 1200 1600 1600 1500 
1500 1600 1100 1300 1300 1100 1500 1500 1500 1100 1500 1500 1200 1200 1100 1600 1600 1200 1100 1500 1500 1500 1400 1300 1300 1300 1300 1301 1300 1300 1500 1500 1500 1500 1500 1500 1300 1600 1600 1300 1400 1300 1200 1100 1200 1200 1200 1600 1500 1500 
1500 1500 1500 1500 1500 1500 1500 1500 1500 1500 1500 1500 1500 1500 1500 1500 1500 1500 1500 1500 1500 1500 1500 1500 1500 1500 1500 1500 1500 1500 1500 1500 1500 1500 1500 1500 1500 1500 1500 1500 1500 1500 1500 1500 1500 1500 1500 1500 1500 1500 
=
0 0 0 0 0 0 0 0 0 0 0 0 0 0 0 0 0 0 0 0 0 0 0 0 0 0 0 0 0 0 0 0 0 0 0 0 0 0 0 0 0 0 0 0 0 0 0 0 0 0 
0 0 0 0 0 0 0 0 0 0 0 0 0 0 0 0 0 0 0 0 0 0 0 0 0 0 0 0 301 0 0 0 0 0 0 0 0 0 0 0 0 0 0 0 0 0 0 0 0 0 
0 0 0 0 0 0 0 0 0 0 0 0 0 0 0 0 0 0 0 0 0 0 0 0 0 0 0 0 0 0 0 0 0 0 0 0 0 0 0 0 0 0 0 0 0 0 0 0 0 0 
0 0 0 0 0 0 0 0 0 0 0 0 0 0 0 0 0 0 0 0 0 0 0 0 0 0 0 0 0 0 0 0 0 0 0 0 0 0 0 0 0 0 0 0 0 0 0 0 0 0 
0 0 0 0 0 0 0 0 0 0 0 0 0 0 0 0 0 0 0 0 0 0 0 0 0 0 0 0 0 0 0 0 0 0 0 0 0 0 0 0 0 0 0 0 0 0 0 0 0 0 
0 0 0 0 0 0 0 0 0 0 0 0 0 0 0 0 0 0 0 0 0 0 0 0 0 203 0 0 0 0 0 0 0 0 0 0 0 0 0 0 0 0 0 0 0 0 0 0 0 0 
0 0 0 0 0 0 0 0 0 0 0 0 0 0 0 0 0 0 0 0 0 0 0 0 0 0 0 0 0 0 0 0 0 0 0 0 0 0 0 0 0 0 0 0 0 0 0 0 0 0 
0 0 0 0 0 0 0 250 104 0 0 0 0 0 0 0 0 0 0 0 0 0 0 0 0 0 0 0 0 0 0 0 0 0 0 0 0 0 0 0 0 0 0 0 0 0 0 0 0 0 
0 0 0 0 0 0 0 0 0 0 0 0 0 0 0 0 203 0 0 0 0 0 0 0 0 0 0 0 0 0 0 0 0 0 0 0 0 0 0 0 0 0 0 0 0 0 0 0 0 0 
0 0 0 0 0 0 0 0 0 0 0 0 0 0 0 0 0 0 0 0 0 0 0 0 0 0 0 0 0 0 0 0 0 0 0 0 0 0 0 0 0 0 0 0 0 0 0 0 0 0 
0 0 0 0 0 0 0 0 0 0 252 0 0 0 0 0 0 0 0 0 0 0 0 0 0 0 0 0 0 0 0 0 0 0 0 0 0 0 0 0 0 0 0 0 0 0 0 0 0 0 
0 0 0 0 0 0 0 0 0 0 203 0 0 0 0 0 0 0 0 0 0 0 0 0 0 0 0 0 0 0 0 0 0 0 0 0 0 0 0 0 0 0 0 0 0 0 0 0 0 0 
0 0 0 0 0 0 0 0 0 0 203 0 0 0 0 0 0 0 0 0 0 0 0 0 0 0 0 0 0 0 0 0 0 0 0 0 0 0 0 0 0 0 0 0 0 0 0 0 0 0 
0 0 0 0 0 0 0 0 0 0 0 0 0 0 0 0 0 0 0 0 0 0 0 0 0 0 0 0 0 0 0 0 0 0 0 0 0 0 0 0 0 0 0 0 0 0 0 0 0 0 
0 0 0 0 0 0 0 0 0 0 0 0 0 0 150 0 0 0 0 0 0 0 0 0 0 0 0 0 0 0 0 0 0 0 0 0 0 0 0 0 0 0 0 0 0 0 0 0 0 0 
0 0 0 0 0 0 0 0 0 0 0 0 0 0 0 0 0 0 0 0 0 0 0 0 0 0 0 0 0 0 0 0 0 0 0 0 0 0 0 0 0 0 0 0 0 0 0 0 0 0 
0 0 0 0 0 0 0 0 0 0 0 0 0 0 0 0 0 0 0 0 0 0 0 0 0 0 0 0 0 0 0 0 0 0 0 0 0 0 0 0 0 0 0 0 0 0 0 0 0 0 
0 0 0 0 0 0 0 0 0 0 0 0 0 0 0 0 0 0 0 0 0 0 0 0 0 0 0 0 0 0 0 0 0 0 0 0 0 0 0 0 0 0 0 0 0 0 0 0 0 0 
0 0 0 0 0 0 0 0 0 0 202 0 0 0 0 0 0 0 0 0 0 0 0 0 0 0 0 0 0 0 0 0 0 0 0 0 0 0 0 0 0 0 0 0 0 0 0 0 0 0 
0 0 0 0 0 0 0 0 0 0 0 0 0 0 0 0 0 0 0 0 0 0 0 0 0 0 0 0 0 0 0 0 0 0 0 0 0 0 0 0 0 0 0 0 0 0 0 0 0 0 
0 0 0 0 0 0 0 0 0 0 0 0 0 0 0 0 0 0 0 0 0 0 0 0 0 0 0 0 0 0 0 0 0 0 0 0 0 0 0 0 0 0 0 0 0 0 0 0 0 0 
0 0 0 0 0 0 0 0 0 0 0 0 0 0 0 0 0 0 0 0 0 0 0 0 0 0 0 0 0 0 0 0 0 0 0 0 0 0 0 0 0 0 0 0 0 0 0 0 0 0 
0 0 0 0 0 0 0 0 0 303 0 0 0 0 0 0 0 0 0 0 0 0 0 0 0 0 0 0 0 0 0 0 0 0 0 0 0 0 0 0 0 0 0 0 0 0 0 0 0 0 
0 0 0 0 0 0 0 0 0 0 0 0 0 0 0 0 0 0 0 0 0 0 0 0 0 0 0 0 0 0 0 0 0 0 0 0 0 0 0 0 0 0 0 0 0 0 0 0 0 0 
0 0 0 0 0 0 0 0 0 0 0 0 0 0 0 0 0 0 0 0 0 0 0 0 0 0 0 0 0 0 0 0 0 0 0 0 0 0 0 0 0 0 0 0 0 0 0 0 0 0 
0 0 0 0 0 0 0 0 0 0 0 0 0 0 0 0 0 0 0 0 0 0 0 0 0 0 0 0 0 0 0 0 0 0 0 0 0 0 0 0 0 0 0 0 0 0 0 0 0 0 
0 0 0 0 0 0 0 0 0 0 0 0 0 0 0 0 0 0 0 0 0 0 0 0 0 0 0 0 0 0 0 0 0 0 0 0 0 0 0 0 0 0 0 0 0 0 0 0 0 0 
0 0 0 0 0 0 0 0 0 0 0 0 0 0 0 0 0 0 0 0 0 0 0 0 0 0 0 0 0 0 0 0 0 0 0 0 0 0 0 0 0 0 0 0 0 0 0 0 0 0 
0 0 0 0 0 0 0 0 0 0 0 0 0 0 0 0 0 0 0 0 0 0 0 0 0 0 0 0 0 0 0 0 0 0 0 0 0 0 0 0 0 0 0 0 0 0 0 0 0 0 
0 0 0 0 0 0 0 0 0 0 0 0 0 0 0 0 0 0 0 0 0 0 0 0 0 0 0 0 0 0 0 0 0 0 0 0 0 0 0 0 0 0 0 0 0 0 0 0 0 0 
0 0 0 0 0 0 0 0 0 0 0 0 0 0 0 0 0 0 0 0 0 0 0 0 0 0 0 0 0 0 0 0 0 0 0 0 0 0 0 0 0 0 0 0 0 0 0 0 0 0 
0 0 0 0 0 0 0 0 0 0 0 0 0 0 0 0 0 0 0 0 0 0 0 0 0 0 0 0 0 0 0 0 0 0 0 0 0 0 0 0 0 0 0 0 0 0 0 0 0 0 
0 0 0 0 0 0 0 0 0 0 0 0 0 0 0 0 0 0 0 0 0 0 0 0 0 0 0 0 0 0 0 0 0 0 0 0 0 0 0 0 0 0 0 0 0 0 0 0 0 0 
0 0 0 0 0 0 0 0 0 0 0 0 0 0 0 0 0 0 0 0 0 0 0 0 0 0 0 0 0 0 0 0 0 0 0 0 0 0 0 0 0 0 0 0 0 0 0 0 0 0 
0 0 0 0 0 0 0 0 0 0 0 0 0 0 0 0 0 0 0 0 0 0 0 0 0 0 0 0 0 0 0 0 0 0 0 0 0 0 0 0 0 0 0 0 0 0 0 0 0 0 
0 0 0 0 0 0 0 0 0 0 0 0 0 0 0 0 0 0 0 0 0 0 0 0 0 0 0 0 0 0 0 0 0 0 0 0 0 0 0 0 0 0 0 0 0 0 0 0 0 0 
0 0 0 0 0 0 0 0 0 0 0 0 0 0 0 0 0 0 0 0 0 0 0 0 0 0 0 0 0 0 0 0 0 0 0 0 0 0 0 0 0 0 0 0 0 0 0 0 0 0 
0 0 0 0 0 0 0 0 0 0 0 0 0 0 0 0 0 0 0 0 0 0 0 0 0 0 0 0 0 0 0 0 0 0 0 0 0 0 0 0 0 0 0 0 0 0 0 0 0 0 
0 0 0 0 0 0 0 0 0 0 0 0 0 0 0 0 0 0 0 0 0 0 0 0 0 0 0 0 0 0 0 0 0 0 0 0 0 0 0 0 0 0 0 0 0 0 0 0 0 0 
0 0 0 0 0 0 0 0 0 0 0 0 0 0 0 0 0 0 0 0 0 0 0 0 0 0 0 0 0 0 0 0 0 0 0 0 0 0 0 0 0 0 0 0 0 0 0 0 0 0 
0 0 0 0 0 0 0 0 0 0 0 0 0 0 0 0 0 0 0 0 0 0 0 0 0 0 0 0 0 0 0 0 0 0 0 0 0 0 0 0 0 0 0 0 0 0 0 0 0 0 
0 0 0 0 0 0 0 0 0 0 0 0 0 0 0 0 0 0 0 0 0 0 0 0 0 0 0 0 0 0 0 0 0 0 0 0 0 0 0 0 0 0 0 0 0 0 0 0 0 0 
0 0 0 0 0 0 0 0 0 0 0 0 0 0 0 0 0 0 0 0 0 0 0 0 0 0 0 0 0 0 0 0 0 0 0 0 0 0 0 0 0 0 0 0 0 0 0 0 0 0 
0 0 0 0 0 0 0 0 0 0 0 0 0 0 0 0 0 0 0 0 0 0 0 0 0 0 0 0 0 0 0 0 0 0 0 0 0 0 0 0 0 0 0 0 0 0 0 0 0 0 
0 0 0 0 0 0 0 0 0 0 0 0 0 0 0 0 0 0 0 0 0 0 0 0 0 0 0 0 0 0 0 0 0 0 0 0 0 0 0 0 0 0 0 0 0 0 0 0 0 0 
0 0 0 0 0 0 0 0 0 0 0 0 0 0 0 0 0 0 0 0 0 0 0 0 0 0 0 0 0 0 0 0 0 0 0 0 0 0 0 0 0 0 0 0 0 0 0 0 0 0 
0 0 0 0 0 0 0 0 0 0 0 0 0 0 0 0 0 0 0 0 0 0 0 0 0 0 0 0 0 0 0 0 0 0 0 0 0 0 0 0 0 0 0 0 0 0 0 0 0 0 
0 0 0 0 0 0 0 0 0 0 0 0 0 0 0 0 0 0 0 0 0 0 0 0 0 0 0 0 0 0 0 0 0 0 0 0 0 0 0 0 0 0 0 0 0 0 0 0 0 0 
0 0 0 0 0 0 0 0 0 0 0 0 0 0 0 0 0 0 0 0 0 0 0 0 0 0 0 0 0 0 0 0 0 0 0 0 0 0 0 0 0 0 0 0 0 0 0 0 0 0 
0 0 0 0 0 0 0 0 0 0 0 0 0 0 0 0 0 0 0 0 0 0 0 0 0 0 0 0 0 0 0 0 0 0 0 0 0 0 0 0 0 0 0 0 0 0 0 0 0 0 
=
player 1 117 0
_
NoNameTown 1 448 448 5 1 4 10 111 10 0 504 0 0
~

*

&
1 -3 2 0 0 1 4 1 224 256 1|
#
EasyBot 2 174 0
_
NoNameTown 2 320 320 10 1 2 10 34 31 0 4185 0 0
~

*
NoNameTown 2 224 224 10 1 2 10 37 31 114 4245 0 0
~

*

&
1 0 1 3 0 0 2 2 576 320 1|1 2 3 3 0 0 3 2 160 800 1|1 2 3 3 0 0 3 2 384 320 1|1 0 3 3 0 1 3 2 352 320 1|1 0 3 3 0 1 3 2 256 512 1|1 0 1 3 0 0 2 2 320 320 1|
#
EasyBot 3 0 0
_

&
1 0 1 3 0 0 1 3 32 896 1|1 2 3 3 0 0 3 3 704 288 1|
#
