500 500 500 500 500 500 500 500 500 500 500 500 500 500 500 500 500 500 500 500 500 500 500 500 500 500 500 500 500 500 500 500 500 500 500 500 500 500 500 500 500 500 500 500 500 500 500 500 500 500 500 500 500 500 500 500 500 500 500 500 500 500 500 500 500 500 500 500 500 500 500 500 500 500 500 500 500 500 500 500 500 500 500 500 500 500 500 500 500 500 500 500 500 500 500 500 500 500 500 500 
500 100 200 100 100 200 100 200 100 200 200 200 600 200 200 200 200 200 200 200 100 100 200 200 200 200 200 200 500 500 200 500 100 100 500 500 100 100 100 100 100 100 100 600 200 500 500 500 200 600 200 200 200 600 600 600 600 100 200 200 202 100 200 100 100 100 100 200 500 200 200 200 200 200 200 200 100 600 600 200 600 200 500 500 500 200 100 100 100 100 500 200 200 500 500 100 200 500 100 500 
500 200 200 600 600 600 200 200 200 200 200 100 100 200 200 200 200 200 200 200 100 100 200 200 200 200 300 500 500 500 300 300 300 500 500 500 500 100 500 500 500 600 600 600 200 500 500 500 500 500 600 600 600 602 600 600 600 200 200 200 200 200 200 500 500 106 100 100 600 200 200 200 200 100 100 100 300 200 300 200 300 600 500 500 500 100 100 100 106 100 500 200 500 600 600 600 600 600 600 500 
500 200 200 600 200 300 200 200 200 200 200 500 200 200 101 200 500 500 200 100 300 600 200 200 200 200 300 300 200 100 300 300 500 500 500 500 500 500 500 500 200 200 300 600 600 500 500 500 100 500 500 100 200 200 200 500 500 200 600 600 600 200 200 500 500 100 100 500 600 600 200 600 100 100 600 200 200 400 300 100 300 200 500 500 500 100 400 300 500 100 500 500 600 600 300 300 300 300 300 500 
500 200 200 200 200 200 100 200 100 200 300 500 600 600 600 200 100 100 300 106 106 100 100 300 200 200 300 200 100 200 100 300 100 100 500 500 300 600 200 200 200 500 100 300 100 100 100 500 100 100 100 200 200 200 200 500 400 600 600 600 500 200 600 600 600 600 600 600 500 100 200 300 100 200 200 200 200 200 200 100 600 200 200 600 600 600 400 300 300 200 100 600 600 300 200 400 300 300 300 500 
500 200 200 200 200 100 200 100 100 100 100 600 600 100 600 600 600 300 100 300 300 100 100 100 304 300 300 100 100 100 101 500 200 500 500 300 300 200 200 200 500 200 200 300 300 200 300 304 500 500 200 200 202 200 200 400 100 100 100 600 200 200 600 600 600 600 600 600 200 300 400 403 200 200 200 200 200 200 200 400 200 200 300 300 300 600 100 300 200 100 600 600 600 600 600 100 300 400 400 500 
500 200 200 200 600 100 100 100 100 100 100 100 600 100 600 600 600 600 400 301 300 101 100 100 300 300 100 100 100 100 100 500 500 100 100 500 200 300 200 500 200 200 200 300 300 300 300 500 500 500 300 200 200 200 200 100 200 300 500 500 200 500 600 600 200 100 100 600 600 400 200 200 300 200 200 200 300 300 300 200 200 600 106 100 200 600 600 200 300 200 602 100 600 600 200 300 300 500 500 500 
500 100 500 600 300 300 200 202 500 500 600 200 200 100 600 200 600 100 300 300 300 600 300 300 300 100 300 100 100 100 300 100 100 100 100 200 100 500 500 200 200 500 500 500 200 300 300 500 100 200 300 100 100 200 200 200 200 300 500 500 100 600 200 200 300 300 600 100 100 600 100 300 500 200 200 200 300 100 300 400 100 100 100 100 200 200 200 300 300 200 200 100 200 300 200 200 300 500 500 500 
500 200 500 600 300 100 200 200 500 500 200 200 200 100 100 200 100 600 100 300 600 500 600 600 300 400 300 300 100 200 100 100 500 500 100 200 500 500 500 200 200 500 500 200 300 300 100 300 100 300 100 100 202 202 400 200 200 300 500 100 600 200 200 200 200 100 100 600 602 600 200 400 200 200 200 300 100 100 300 300 300 300 106 500 200 200 600 600 600 200 200 100 600 600 200 300 300 500 500 500 
500 500 600 200 100 300 500 500 500 200 600 200 200 100 200 200 100 100 100 300 200 600 600 200 200 300 200 200 200 200 100 300 300 300 400 200 200 500 300 200 300 500 500 100 100 300 300 400 300 300 300 301 300 300 300 200 300 500 100 500 100 500 200 300 300 100 500 500 500 500 100 500 500 500 500 200 100 300 300 300 500 100 500 100 500 500 600 200 200 200 100 100 600 600 400 200 200 200 200 500 
500 500 600 100 600 300 300 200 100 600 300 200 200 200 200 100 100 600 300 300 200 600 600 600 600 200 300 100 200 200 300 200 300 400 200 200 200 200 300 300 300 400 500 100 100 500 300 300 300 300 300 600 600 600 300 300 200 300 100 300 300 300 300 100 300 500 500 500 500 100 100 300 300 300 200 300 300 300 100 200 100 100 100 100 500 600 600 200 600 600 600 600 600 400 300 200 500 500 500 500 
500 100 500 500 600 600 200 200 600 600 500 200 200 200 200 100 600 100 500 200 200 500 106 200 100 300 300 100 100 300 300 400 200 100 200 200 200 200 100 300 300 200 100 100 100 101 300 300 300 300 300 300 300 300 300 200 200 200 100 300 301 500 200 100 300 300 100 200 100 100 300 300 300 300 200 300 300 300 200 100 100 100 100 100 100 600 600 100 100 600 600 600 600 301 300 100 500 500 500 500 
500 500 500 500 600 600 200 600 600 500 500 200 200 200 600 600 600 500 200 200 500 500 500 100 100 300 100 100 500 500 500 200 400 200 400 100 200 100 200 100 200 200 300 100 300 300 300 300 500 500 500 200 300 400 300 200 200 200 300 300 300 200 600 200 300 300 200 200 200 500 500 300 400 400 600 600 200 600 100 500 100 500 100 100 100 100 200 100 100 600 600 600 600 100 300 300 500 100 100 500 
500 500 200 100 600 600 600 600 600 500 200 200 500 200 600 600 600 200 300 500 200 500 300 100 200 300 200 500 100 500 500 600 200 400 400 100 100 200 100 200 200 200 100 500 300 100 300 100 500 500 500 200 300 300 300 100 200 200 100 100 100 100 100 200 304 400 600 200 200 200 500 200 200 300 600 600 600 600 100 500 500 500 300 500 100 100 400 100 200 200 600 200 100 300 300 100 100 100 100 500 
500 500 100 500 500 600 100 100 600 600 200 200 200 600 600 300 100 200 200 200 400 200 400 400 200 200 100 101 500 500 500 600 500 100 101 100 100 300 200 200 100 200 400 200 400 300 400 200 200 500 300 300 300 200 200 200 300 500 100 100 100 300 300 200 400 300 600 600 200 600 100 300 300 300 600 100 100 200 200 500 500 500 500 500 100 300 500 500 200 200 200 200 300 300 600 300 100 200 100 500 
500 200 600 600 300 300 100 100 100 300 200 300 300 100 100 300 200 200 200 500 100 500 100 200 200 100 100 200 200 500 500 600 400 400 100 300 300 300 300 100 100 100 600 400 300 300 200 200 200 200 500 400 400 200 202 200 300 500 106 100 300 300 100 200 200 300 600 600 600 100 100 100 500 300 200 100 200 200 600 600 500 500 500 100 100 200 300 500 500 100 200 200 200 600 600 600 600 600 100 500 
500 200 600 600 600 600 600 100 100 100 400 300 100 100 100 100 200 300 200 200 500 200 100 500 200 300 300 400 500 500 600 200 200 200 400 300 600 300 300 300 300 300 600 100 300 500 200 200 200 200 500 300 300 100 500 200 500 500 200 100 300 300 300 200 200 200 200 600 600 100 100 200 100 200 200 200 100 600 600 600 600 100 100 200 200 200 100 100 100 200 100 200 200 600 600 600 600 600 100 500 
500 200 200 200 600 600 200 200 600 100 200 400 100 100 100 300 400 200 200 200 100 100 500 200 200 202 400 400 500 200 200 200 200 200 200 300 300 100 300 100 300 200 200 600 300 500 500 500 200 200 500 200 100 100 300 300 300 300 100 100 400 300 100 200 200 200 200 200 200 600 300 200 300 100 600 602 600 400 600 100 100 400 200 200 200 200 100 100 200 200 200 200 200 600 600 600 600 100 200 500 
500 200 200 200 200 200 200 200 200 200 400 100 100 100 300 100 400 200 200 100 100 100 200 200 200 200 500 500 200 200 600 600 200 200 100 400 600 200 300 100 200 300 300 300 300 200 200 600 100 500 500 500 500 100 500 200 300 400 200 100 300 100 300 200 200 200 200 200 600 300 200 200 200 600 600 600 200 200 300 106 300 200 300 100 100 100 100 100 200 200 200 200 200 200 200 600 300 200 300 500 
500 200 200 200 202 200 200 200 200 200 200 100 100 200 100 304 200 200 300 600 300 300 200 100 200 400 200 200 202 300 100 200 200 200 200 100 200 400 100 100 400 400 300 200 200 200 100 600 500 500 500 500 500 200 101 200 202 300 200 200 200 100 200 200 200 100 200 200 500 500 200 200 300 300 400 300 200 300 300 300 200 200 400 600 600 600 600 300 200 200 100 200 200 200 600 200 100 100 100 500 
500 100 200 200 600 200 200 200 200 200 200 300 200 200 300 300 200 200 300 300 300 300 300 200 100 300 600 600 300 200 202 200 200 200 200 100 100 100 100 100 100 300 300 200 200 200 200 200 100 100 100 100 200 200 500 500 500 200 202 200 200 200 200 200 600 200 200 100 100 500 500 500 400 300 200 200 200 300 500 200 200 200 200 300 300 300 500 100 100 200 200 200 300 600 300 200 100 100 100 500 
500 500 101 300 100 600 600 100 200 100 200 200 200 200 300 300 200 500 600 200 300 300 200 200 100 300 100 600 600 200 200 200 100 200 200 500 100 100 100 100 300 100 300 300 200 200 200 200 100 100 100 100 200 200 200 200 200 500 200 200 200 200 200 600 200 200 600 300 100 500 500 500 200 300 400 200 200 400 304 200 200 200 200 200 300 300 100 300 300 106 200 200 300 300 300 300 200 300 100 500 
500 200 300 100 600 600 300 106 100 100 200 500 600 200 600 200 200 600 600 300 300 200 200 200 300 300 100 300 200 200 300 200 200 200 500 500 500 100 200 100 100 100 300 100 304 200 300 200 300 500 100 100 100 200 200 500 500 500 500 200 200 300 500 100 600 600 600 600 500 200 500 200 300 300 600 600 600 600 200 200 200 200 500 300 200 202 100 100 101 200 200 200 200 300 200 200 200 100 100 500 
500 100 100 200 200 600 100 100 100 500 500 500 600 200 200 200 200 600 300 300 200 200 200 200 300 100 100 300 200 400 200 202 500 500 500 500 100 200 202 100 100 500 500 500 300 200 300 300 300 500 100 100 600 600 100 600 500 600 600 600 200 100 100 600 500 500 200 500 500 200 200 100 100 300 300 600 600 200 200 200 200 200 500 500 200 200 300 100 200 200 200 200 300 100 400 300 100 100 100 500 
500 100 200 200 200 200 200 100 100 100 500 600 100 100 600 200 600 300 300 100 400 100 200 600 200 300 100 100 200 200 200 500 500 100 300 100 200 300 100 100 300 500 100 100 300 200 300 300 100 200 300 300 200 600 600 200 500 600 600 600 600 600 600 600 200 200 500 500 200 200 600 600 100 600 600 600 400 300 200 200 200 200 200 300 300 200 200 100 300 300 300 301 200 300 300 200 600 600 300 500 
500 200 300 200 202 200 200 100 100 100 300 200 200 100 100 100 200 300 300 300 400 400 300 200 300 202 200 200 200 200 500 500 500 300 200 200 300 300 100 400 400 500 200 200 200 200 200 300 300 300 300 300 300 600 600 200 600 600 600 600 600 200 600 200 200 100 500 200 500 500 600 600 600 600 600 100 300 200 200 200 500 600 100 300 300 200 300 600 200 100 300 300 300 200 200 300 300 304 200 500 
500 101 304 200 200 200 100 100 100 500 200 200 200 300 300 200 602 600 300 400 200 500 100 100 200 500 500 200 200 100 500 200 200 200 200 200 300 300 300 300 100 200 200 300 100 100 100 100 100 600 300 300 400 400 600 600 200 200 200 600 200 200 200 200 100 200 200 100 500 500 600 500 500 500 300 100 200 100 200 200 100 100 100 300 300 300 300 300 200 600 600 300 200 200 200 200 200 200 200 500 
500 400 400 200 500 600 600 200 200 300 100 300 304 300 100 100 100 100 100 500 500 500 100 100 200 500 200 600 100 100 500 200 200 200 200 500 200 300 300 600 200 200 100 106 100 100 200 200 300 300 300 300 500 500 300 100 100 500 200 200 300 200 200 100 106 100 100 200 500 500 500 500 500 500 300 200 200 200 600 100 100 100 100 100 300 300 300 300 200 100 600 300 300 200 300 300 300 300 500 500 
500 200 500 500 500 600 200 500 500 200 100 300 300 100 100 100 500 100 500 500 500 500 100 100 300 100 300 200 500 100 200 200 200 200 200 200 500 200 300 600 300 200 100 100 100 100 304 300 100 200 300 500 500 500 300 100 100 200 200 200 200 200 200 100 100 100 400 500 500 500 500 500 500 500 300 200 300 600 600 100 100 100 100 300 300 600 400 200 600 600 600 300 300 300 100 200 100 600 600 500 
500 200 200 100 500 500 500 500 200 200 300 300 100 500 200 500 100 100 300 100 100 500 100 100 300 100 400 400 100 500 100 100 300 300 500 500 200 500 304 600 600 100 200 300 100 100 300 300 300 300 200 500 500 500 100 200 200 500 300 600 200 200 200 100 101 301 500 500 500 500 500 500 500 500 200 400 100 300 300 100 100 100 100 100 100 304 200 300 300 600 602 200 300 300 300 200 200 200 400 500 
500 100 100 100 500 200 500 500 500 200 100 100 100 200 100 100 100 300 100 200 200 100 200 100 300 300 300 500 100 100 500 400 300 100 200 200 500 200 600 200 300 300 100 100 300 300 300 300 300 600 300 500 500 200 200 200 500 602 500 600 200 300 600 200 200 200 200 200 500 500 500 500 500 500 200 200 100 600 100 101 200 100 100 100 300 300 300 300 300 300 200 200 200 300 200 300 200 200 100 500 
500 200 300 300 200 200 500 500 500 500 100 100 200 200 100 300 100 100 500 500 200 200 200 200 200 300 500 100 100 500 500 300 200 300 500 500 500 200 500 300 300 400 100 100 200 300 300 600 600 300 300 300 200 200 500 500 600 200 600 600 300 300 200 200 200 200 600 300 300 500 500 500 500 500 200 100 100 600 600 600 100 100 300 100 600 200 200 200 200 300 300 600 600 100 300 300 300 300 100 500 
500 500 500 100 300 600 600 200 200 500 200 200 200 200 500 100 100 500 300 301 600 600 500 200 100 200 500 500 500 500 500 200 200 500 500 500 600 500 500 500 200 100 200 200 100 100 300 600 500 500 400 100 100 500 500 602 200 600 600 300 300 500 500 600 600 600 600 200 300 500 100 300 106 200 500 300 300 200 100 100 300 300 100 100 600 200 200 200 200 600 600 600 200 200 200 600 100 200 200 500 
500 200 300 300 600 600 300 600 200 200 200 200 200 100 500 500 500 500 200 100 600 500 500 300 100 300 500 500 500 500 500 200 500 200 300 300 600 500 500 500 500 100 100 300 300 300 100 200 200 300 200 300 100 600 600 200 600 600 300 300 300 300 300 300 600 600 600 304 300 300 300 300 100 500 500 300 200 300 100 100 200 300 300 500 400 200 200 200 200 100 200 200 200 200 600 600 300 100 300 500 
500 300 300 300 500 500 500 600 600 200 300 200 100 100 500 500 500 500 300 100 300 100 300 300 300 300 300 300 400 500 500 200 200 400 100 300 500 500 500 500 500 500 600 300 200 300 200 200 100 100 300 300 300 500 100 500 600 600 300 100 600 300 300 300 200 100 600 600 600 100 100 100 500 500 100 200 300 100 200 100 500 300 600 600 200 200 200 200 200 100 200 300 200 600 600 300 300 100 100 500 
500 200 200 500 500 100 600 600 100 600 300 100 600 600 200 200 200 200 600 100 100 100 100 300 300 300 300 400 400 400 500 300 200 300 300 100 100 600 100 500 500 500 600 600 300 200 200 200 100 300 300 300 100 100 500 200 200 600 600 600 300 300 300 300 300 300 600 500 600 100 100 600 500 200 200 200 500 100 100 200 200 500 100 500 500 200 100 200 100 100 100 100 500 100 100 600 100 100 100 500 
500 200 200 300 100 300 300 100 100 100 600 600 600 600 200 200 200 600 500 500 300 300 300 300 200 600 500 600 600 100 100 100 100 300 100 100 600 600 100 500 100 500 600 300 300 300 300 200 200 100 300 300 200 400 200 200 100 300 200 200 300 100 300 300 200 100 600 200 300 300 200 100 100 200 200 200 200 500 200 200 200 300 300 400 500 500 500 100 100 500 100 500 100 100 100 100 100 100 200 500 
500 200 602 600 400 300 300 300 300 300 200 200 600 200 200 200 600 600 400 300 300 600 300 200 100 100 200 600 100 200 100 300 100 100 300 300 300 300 100 100 200 200 600 300 300 300 300 100 100 100 100 200 100 300 100 100 500 500 200 200 500 500 300 300 200 100 200 100 300 500 300 100 200 100 200 200 200 400 202 200 200 200 300 300 300 600 100 300 300 500 500 500 200 500 100 200 106 100 100 500 
500 600 600 100 600 200 200 400 400 200 200 200 200 200 200 200 600 300 300 100 100 300 200 100 100 500 500 500 500 500 500 500 500 300 300 100 300 200 100 100 200 100 300 300 300 300 300 300 300 300 100 100 300 300 300 200 200 300 200 200 600 300 500 200 200 300 200 300 300 300 200 300 300 100 200 200 200 100 100 200 200 200 200 100 100 100 200 200 200 300 400 200 300 200 300 100 100 101 200 500 
500 200 101 600 100 200 200 200 200 300 200 200 200 100 200 200 200 500 100 200 100 300 500 500 100 200 200 500 500 500 200 200 500 300 200 100 300 300 100 200 300 300 300 300 300 200 200 200 100 300 300 100 100 300 200 200 300 300 300 300 300 300 200 200 301 600 600 300 200 202 300 300 300 300 300 200 300 100 300 200 200 200 100 100 100 200 200 100 100 100 400 300 200 200 300 300 100 300 300 500 
500 100 300 300 500 200 200 200 200 300 200 200 200 200 200 200 500 500 500 100 100 200 200 100 200 100 100 300 500 200 200 500 500 300 300 300 300 200 200 200 200 300 300 500 200 300 200 200 100 300 300 100 100 200 300 300 300 300 300 300 300 200 200 200 200 200 300 200 200 100 600 500 600 100 300 300 200 600 200 300 500 100 100 100 100 100 100 100 100 100 100 200 200 200 300 300 300 300 200 500 
500 300 500 500 500 100 500 500 500 200 200 200 200 200 200 200 200 500 500 500 200 200 200 200 300 100 500 500 500 500 500 500 500 500 100 200 300 200 300 200 100 500 500 500 100 600 600 100 100 301 200 200 200 200 300 200 300 100 300 300 200 200 200 200 200 200 200 200 300 300 500 500 500 100 500 500 200 200 500 200 200 200 500 500 500 100 100 100 100 200 200 200 200 200 300 500 500 300 300 500 
500 200 200 500 200 200 200 200 500 200 200 200 200 200 200 100 100 400 400 202 200 200 200 200 600 300 300 300 300 300 500 500 500 500 200 200 300 300 300 100 100 100 500 500 500 600 100 200 100 400 400 100 200 200 300 100 100 100 300 100 100 500 200 200 200 200 300 300 200 400 500 200 100 100 500 500 500 500 500 100 200 200 200 200 300 100 100 100 100 300 200 200 200 300 300 200 300 200 200 500 
500 200 500 500 200 200 200 106 500 200 200 200 200 200 200 100 100 100 400 200 200 300 200 600 100 200 200 300 300 300 300 500 500 500 200 300 200 400 200 100 101 100 100 100 400 100 400 300 100 100 100 100 200 200 100 100 100 100 300 100 300 500 200 200 200 100 301 300 600 600 500 100 100 500 500 500 500 500 500 100 500 500 200 300 300 100 200 100 100 300 200 300 200 300 100 600 200 200 200 500 
500 100 500 100 600 600 200 300 500 200 200 200 200 200 400 100 200 100 200 100 100 200 500 200 200 200 500 300 300 300 600 200 500 500 500 300 200 100 100 100 600 100 200 100 100 300 400 400 106 100 100 100 100 200 300 100 100 101 300 200 200 100 600 600 600 200 200 100 600 100 600 600 500 100 500 500 500 600 200 400 500 200 200 300 300 100 200 200 300 202 300 300 100 100 300 200 200 200 600 500 
500 500 300 600 600 500 500 500 200 200 200 200 200 200 200 300 100 300 600 600 200 600 200 200 600 200 200 200 300 300 200 100 500 500 500 300 100 300 100 500 500 100 100 100 200 100 200 200 400 100 300 100 300 300 304 100 106 100 300 300 600 600 600 600 600 200 200 100 100 100 200 600 500 500 500 500 500 300 400 300 304 200 100 100 100 600 100 200 200 300 300 200 300 300 300 600 200 600 500 500 
500 200 500 100 500 500 200 200 300 100 200 200 200 200 300 300 200 300 100 100 600 200 200 600 300 300 200 300 200 200 200 200 200 200 300 100 100 100 500 200 100 100 300 100 200 200 200 200 200 200 100 100 200 100 200 300 300 300 500 500 100 100 600 600 600 200 301 304 300 300 200 300 101 100 500 500 500 100 100 300 300 100 100 100 100 100 600 300 300 100 100 300 300 100 200 200 500 500 200 500 
500 200 200 200 200 200 300 100 200 200 200 200 200 300 600 200 100 100 100 200 200 600 600 100 100 200 304 300 200 200 200 200 200 200 300 200 100 300 500 500 100 100 600 600 600 600 200 200 200 500 100 400 300 200 300 400 300 300 500 600 500 600 600 600 600 100 100 200 200 200 300 500 100 100 100 300 300 200 200 200 200 100 200 100 600 600 600 100 200 100 300 300 200 600 200 200 100 100 300 500 
500 100 200 200 100 100 300 200 200 200 200 500 500 500 600 600 200 200 600 600 600 600 100 100 600 600 600 300 200 200 200 200 200 200 200 100 100 300 300 100 300 300 100 300 300 200 200 600 500 500 600 100 600 600 600 600 300 300 300 200 200 600 600 600 600 100 200 100 100 300 500 100 100 100 100 200 200 200 200 200 300 200 200 600 600 600 600 200 200 400 300 200 100 100 600 100 100 100 400 500 
500 200 300 300 300 300 100 300 100 500 200 500 200 500 200 400 500 500 600 600 600 600 301 100 600 600 200 200 200 400 100 200 300 300 100 100 100 100 200 200 200 100 100 200 200 200 200 300 100 400 300 600 600 600 100 200 200 100 200 200 300 300 300 600 600 300 100 100 300 100 100 600 200 200 300 300 300 100 100 300 300 300 300 200 600 600 600 200 200 500 200 600 602 600 202 202 200 100 400 500 
500 500 500 300 300 300 300 200 100 500 500 200 300 200 500 500 100 500 600 200 600 600 300 100 100 500 200 200 300 300 200 200 304 300 200 100 100 200 200 200 200 100 100 300 100 200 200 200 200 300 100 300 600 100 100 100 100 200 200 600 301 300 600 600 100 100 600 600 600 100 200 200 200 100 300 100 100 100 500 300 300 300 200 301 600 600 500 200 500 500 500 400 600 600 600 600 300 100 600 500 
500 200 100 200 200 300 300 100 500 500 200 200 200 100 300 100 200 500 500 600 300 300 300 100 600 100 200 500 300 500 500 500 300 200 200 100 200 200 200 301 100 100 100 100 100 100 100 100 200 200 300 200 200 100 300 100 200 100 600 600 600 600 600 200 100 200 200 200 200 200 100 300 300 300 300 100 100 100 500 500 200 200 200 300 300 200 500 500 500 500 400 600 500 600 300 200 200 300 300 500 
500 200 200 202 300 300 300 100 100 200 400 200 300 300 100 200 200 500 500 200 300 200 200 200 100 100 300 500 500 500 500 500 101 200 400 200 200 200 300 100 400 600 300 400 200 100 200 200 500 200 200 200 400 200 300 100 300 300 600 600 600 600 600 600 600 200 200 200 200 100 100 100 200 300 300 100 100 100 100 200 300 200 300 300 300 300 500 500 500 600 200 600 600 100 300 100 300 500 300 500 
500 200 200 200 300 300 300 202 200 300 400 300 300 300 100 100 500 500 500 200 200 200 200 300 100 300 200 200 100 500 500 200 200 200 200 300 500 300 300 300 400 300 300 400 500 200 200 200 200 202 200 200 200 300 300 300 300 300 300 300 600 600 600 600 600 100 200 200 200 600 600 100 600 100 100 300 100 100 100 200 300 300 400 300 300 200 300 300 600 600 600 600 100 600 100 100 300 300 100 500 
500 200 200 200 400 300 200 200 500 400 600 100 500 500 500 500 500 500 500 500 100 602 200 500 500 500 200 100 300 500 500 500 500 100 600 200 300 300 300 300 500 100 300 300 500 500 200 100 300 200 200 200 300 300 300 300 100 300 300 300 300 100 100 100 600 100 100 200 200 200 200 600 600 100 300 200 300 300 500 500 300 100 200 200 200 200 300 300 300 400 600 600 600 600 500 500 600 100 100 500 
500 200 200 100 100 200 200 100 200 500 500 500 500 500 500 500 500 500 600 100 100 600 600 600 500 500 600 300 304 500 500 500 500 500 300 200 200 200 200 200 500 100 100 500 500 500 500 500 500 500 200 200 300 300 300 100 200 200 100 300 200 300 100 500 600 200 403 400 200 200 600 600 600 100 300 300 300 300 300 500 300 200 200 200 200 100 100 400 300 300 600 600 600 600 300 500 100 100 100 500 
500 500 202 500 200 200 100 100 500 500 500 300 300 500 100 500 100 500 300 600 600 600 600 600 500 600 200 200 300 500 500 500 106 500 100 300 300 600 200 200 500 100 100 500 500 500 500 500 100 500 500 500 200 200 100 100 600 100 300 200 200 300 300 600 600 200 200 200 300 200 200 600 600 100 300 300 300 300 200 100 100 100 106 300 200 100 100 200 600 600 600 600 602 300 200 200 200 200 300 500 
500 200 200 600 200 300 300 500 500 500 200 300 100 500 500 200 500 500 500 500 200 400 200 200 200 400 600 202 300 500 100 100 100 100 300 300 300 600 300 300 300 300 500 200 200 400 400 300 100 100 500 500 200 200 500 500 500 301 300 200 300 300 300 600 300 200 200 200 600 200 200 500 600 600 200 200 100 200 200 100 100 100 300 300 300 400 200 500 600 200 100 100 300 500 200 200 200 200 300 500 
500 200 600 500 300 500 500 500 500 500 300 100 100 300 500 200 500 500 500 300 100 200 200 200 100 400 600 200 200 500 100 100 100 100 300 300 300 300 400 300 300 400 200 200 200 200 200 500 500 500 500 500 200 200 500 500 100 100 100 100 300 300 200 200 200 200 300 300 600 200 200 500 200 200 100 200 200 200 200 202 200 400 100 300 300 200 200 200 200 300 300 600 600 600 600 100 200 200 500 500 
500 100 200 300 300 100 100 100 500 500 100 200 200 300 300 100 500 500 500 200 200 200 200 200 200 300 200 200 200 200 200 200 200 100 500 500 200 200 300 300 300 100 100 100 200 200 200 300 300 300 300 500 500 500 600 300 100 600 600 200 200 200 200 200 202 200 300 300 100 100 300 200 200 200 300 300 200 200 200 100 400 400 400 300 300 200 200 200 400 300 300 600 600 600 300 100 100 500 200 500 
500 200 300 300 100 300 500 500 500 100 100 200 200 300 300 300 500 100 500 500 200 200 600 200 200 100 200 200 200 200 200 200 200 600 500 500 500 500 300 300 200 200 100 100 100 100 300 300 300 300 300 500 500 500 500 300 400 600 400 200 200 200 100 300 200 300 600 405 100 300 300 300 300 300 400 200 200 100 100 100 300 200 300 600 100 200 200 200 500 300 300 200 200 600 600 500 500 500 200 500 
500 200 300 300 200 500 200 200 100 300 200 200 300 300 300 300 200 200 500 100 100 600 600 200 200 200 200 200 200 200 200 200 200 300 500 100 500 100 100 300 300 200 100 100 300 600 600 300 300 300 600 500 500 500 500 300 300 500 300 200 200 200 100 300 300 300 200 300 100 300 500 300 100 100 200 100 300 200 200 600 200 200 600 100 200 200 200 500 400 300 200 200 200 600 600 600 500 500 500 500 
500 200 100 300 500 200 200 500 300 600 400 300 300 300 300 300 200 405 200 100 200 200 200 200 600 200 100 100 100 600 600 200 200 300 500 500 600 100 100 300 100 300 100 100 300 300 200 200 300 600 500 200 200 200 500 500 100 300 200 200 200 200 300 300 300 200 200 300 100 500 500 200 200 300 200 200 100 300 300 200 200 100 100 200 500 200 200 500 400 200 200 100 200 300 600 500 500 500 300 500 
500 200 200 100 100 200 100 100 100 100 100 300 300 300 400 300 300 400 300 200 200 200 600 600 200 200 100 100 100 300 200 600 200 600 600 500 600 200 100 300 300 600 100 200 300 200 200 200 200 600 200 200 200 500 300 100 100 200 200 200 300 200 400 400 200 100 300 100 500 200 400 400 500 300 200 200 200 300 300 200 200 100 100 600 600 500 100 100 300 300 202 200 200 600 600 300 500 500 500 500 
500 200 200 101 106 100 100 100 100 100 100 100 100 100 300 300 300 300 300 500 202 500 500 100 300 300 100 301 300 300 300 300 200 500 500 100 500 100 300 300 300 100 200 300 100 300 200 200 200 200 202 500 100 600 100 100 500 100 200 300 100 301 600 200 200 500 300 300 100 100 106 100 100 400 200 200 400 200 100 200 200 300 100 600 600 600 100 300 300 200 200 600 600 600 300 500 500 200 100 500 
500 200 200 200 200 200 100 100 100 100 100 100 300 100 300 100 100 400 300 200 100 300 100 100 200 200 300 300 400 100 100 300 500 500 100 200 100 300 200 100 100 100 300 100 300 200 200 600 200 200 100 500 500 100 100 100 500 500 500 100 101 100 200 200 200 300 300 300 300 300 100 100 200 100 100 600 300 300 100 200 200 100 500 100 600 300 500 300 400 200 500 100 300 300 200 300 500 500 500 500 
500 200 200 200 200 100 100 101 600 400 100 300 400 100 300 300 400 200 200 100 300 300 100 100 200 300 300 300 100 100 100 500 500 500 500 300 200 300 100 100 100 300 300 100 200 200 600 600 200 600 500 100 100 200 300 300 500 100 100 100 100 100 200 200 202 200 200 300 200 100 300 100 100 100 300 100 200 100 200 100 100 100 200 600 600 500 500 300 400 300 100 100 300 300 304 300 300 500 500 500 
500 200 200 200 300 100 600 600 600 200 600 600 100 100 202 300 300 200 200 200 300 400 400 300 200 400 100 100 100 100 200 500 500 500 500 100 300 100 200 100 300 300 300 100 300 100 100 100 200 100 100 100 100 300 300 500 100 100 100 100 100 100 100 100 200 200 200 300 200 300 300 100 100 100 100 100 100 300 200 100 100 100 200 100 500 500 600 300 100 300 500 500 500 500 400 100 300 304 500 500 
500 100 500 500 300 300 300 300 300 200 600 100 100 300 300 600 300 300 100 400 400 400 301 400 400 200 100 100 300 304 100 300 200 500 100 100 100 100 200 300 300 300 400 300 300 100 600 600 500 100 500 100 100 300 100 500 200 100 100 100 100 400 100 100 400 200 300 400 200 300 300 100 100 100 100 100 100 200 100 300 100 100 300 100 300 300 300 100 300 300 500 500 500 100 100 100 100 100 200 500 
500 100 100 600 600 200 300 200 200 200 600 300 100 100 100 500 300 300 300 300 400 100 100 100 300 300 200 200 500 400 100 400 300 500 100 100 100 500 300 100 300 400 400 400 100 100 600 600 200 100 106 200 100 100 500 200 500 500 200 100 200 200 300 100 100 200 200 300 300 300 300 300 300 106 100 200 300 500 100 200 100 200 200 200 200 200 200 300 300 300 200 200 500 100 100 100 100 200 100 500 
500 100 600 600 200 200 200 200 600 100 600 100 100 100 100 500 300 200 500 100 100 100 100 100 300 600 200 200 500 400 400 400 200 100 200 200 100 500 600 600 600 200 200 600 100 300 300 600 100 100 200 100 100 300 300 300 300 600 300 300 200 200 300 300 200 202 200 200 100 100 200 200 100 200 200 200 200 200 100 200 200 200 200 200 200 200 200 300 300 100 100 400 300 100 100 100 200 100 100 500 
500 600 600 600 600 600 100 200 300 100 100 600 300 100 100 100 300 200 200 300 300 100 100 100 600 600 600 500 500 400 400 100 200 200 100 100 500 200 600 600 200 200 600 100 100 300 400 300 100 100 500 500 100 300 200 300 100 300 300 100 300 300 200 300 300 100 100 200 100 100 100 300 100 200 200 200 200 200 500 500 500 200 200 200 200 200 200 300 100 100 400 300 200 300 200 200 200 101 200 500 
500 100 600 600 200 100 100 100 100 200 100 600 100 200 500 500 300 300 300 300 100 200 100 600 600 600 600 500 500 500 100 200 100 100 400 500 500 500 300 200 200 200 100 100 100 200 300 100 500 500 500 500 500 500 600 301 300 300 304 100 300 200 200 200 300 600 100 100 100 300 300 300 400 300 400 200 100 300 300 300 300 300 200 200 200 200 202 200 100 200 300 200 300 200 200 200 100 200 200 500 
500 100 600 600 300 100 100 100 100 100 100 200 300 300 300 500 500 500 200 500 500 300 600 600 200 600 300 500 200 500 100 100 100 500 500 300 500 500 500 100 100 100 100 100 600 300 300 600 600 600 600 600 500 500 600 300 300 300 300 400 200 200 200 200 200 600 600 100 500 600 300 300 300 400 600 600 100 600 300 300 300 300 200 200 200 200 200 200 200 300 200 300 200 200 100 600 600 600 200 500 
500 600 600 600 300 100 100 100 200 200 300 200 200 300 500 500 500 500 500 500 400 300 200 600 600 100 100 100 200 500 106 106 100 500 500 500 200 500 500 500 500 100 100 100 200 300 300 600 200 600 600 600 200 600 602 200 200 304 300 300 200 200 200 200 600 100 100 600 200 600 600 200 200 600 600 600 600 600 200 200 300 300 200 300 300 200 200 300 300 300 300 200 400 100 100 600 100 500 500 500 
500 500 500 600 100 100 100 500 200 200 200 200 200 200 200 200 500 500 500 500 500 500 300 100 200 100 100 100 400 100 100 100 600 300 300 200 200 500 200 500 100 100 200 200 200 200 200 200 200 200 200 200 200 600 600 200 300 300 500 300 300 600 200 200 600 600 600 500 500 500 300 400 600 600 600 300 100 200 100 200 200 200 200 300 100 300 300 300 300 300 300 200 300 100 500 500 500 100 500 500 
500 200 500 600 600 100 100 600 200 300 106 200 200 200 200 200 200 500 200 500 200 100 300 100 100 200 100 600 400 100 100 100 200 300 200 200 200 500 500 500 500 500 200 200 200 400 300 200 200 200 200 600 600 600 200 600 500 300 300 300 300 200 500 200 600 600 600 200 500 500 100 400 600 600 600 300 300 300 300 200 500 500 300 300 100 300 300 100 300 300 300 300 300 500 500 500 500 500 500 500 
500 200 200 200 600 100 600 200 200 100 100 200 200 200 200 200 100 200 500 300 200 200 200 200 200 200 200 300 200 200 400 200 200 200 200 200 200 200 500 200 200 200 200 200 200 200 100 300 600 300 600 100 100 600 300 500 500 500 500 500 500 500 500 500 200 600 200 200 500 100 101 400 200 600 200 200 300 100 300 200 200 600 304 300 100 100 100 300 304 301 300 200 200 200 500 500 500 500 500 500 
500 200 200 200 100 500 500 500 200 200 200 300 300 600 200 200 200 500 500 500 300 200 200 200 200 200 200 200 100 200 200 200 200 100 600 200 200 200 300 200 200 200 200 200 600 200 106 300 300 300 100 100 100 100 300 500 500 500 500 500 500 300 500 300 200 200 200 101 100 300 100 300 100 200 200 100 400 300 300 200 200 300 300 300 600 600 600 300 100 300 200 200 200 200 200 200 200 200 200 500 
500 200 200 200 500 100 500 100 200 200 200 200 300 600 600 200 500 500 500 300 100 400 600 600 500 500 600 200 100 200 500 600 100 100 200 200 500 100 300 200 200 200 200 600 600 600 200 100 200 400 300 500 100 100 300 500 500 500 500 200 200 200 100 200 300 600 100 100 100 100 100 100 100 100 500 200 200 200 200 400 300 200 300 300 600 200 600 200 300 200 300 300 200 200 200 200 200 200 200 500 
500 200 200 200 600 200 100 500 500 200 200 200 300 600 600 100 100 500 500 300 300 300 600 600 600 100 600 500 200 200 100 400 300 100 200 500 300 300 500 500 200 200 500 100 600 200 200 200 200 100 200 100 500 500 500 500 500 500 200 200 200 200 300 100 600 600 100 500 100 100 100 100 500 500 500 200 200 200 400 100 100 200 200 500 100 100 400 400 400 300 300 300 300 300 300 100 200 200 500 500 
500 100 200 200 200 300 500 500 500 200 500 100 600 600 100 100 300 300 300 300 300 300 100 600 600 600 200 200 200 100 100 400 300 300 300 400 300 300 500 500 200 500 500 200 600 200 200 200 200 300 100 500 500 500 500 500 500 500 500 400 300 300 300 400 100 500 500 500 100 100 200 500 500 500 300 300 200 400 400 100 100 200 300 200 200 100 100 100 300 300 300 200 200 100 200 300 300 200 100 500 
500 500 100 600 600 500 500 500 200 500 300 600 200 600 600 202 300 300 300 100 200 200 300 400 600 200 200 200 200 200 100 500 100 100 300 300 300 500 500 200 200 200 200 600 600 300 200 200 300 300 300 100 500 500 500 500 500 500 500 300 300 300 300 200 100 500 500 200 500 100 100 500 200 600 300 400 200 200 200 200 100 100 300 300 200 600 100 200 300 202 200 200 200 200 200 300 200 200 100 500 
500 100 600 600 600 600 600 600 500 500 100 200 200 200 600 300 301 300 100 100 200 100 200 300 200 200 200 200 200 200 300 400 200 200 300 300 300 600 600 500 500 500 500 600 300 400 100 300 200 300 100 300 100 400 500 100 500 500 500 100 100 200 200 200 200 500 500 200 300 100 100 100 500 600 100 300 500 500 500 100 100 100 100 300 300 600 600 100 100 300 200 200 300 300 300 200 200 200 200 500 
500 200 200 600 300 600 600 600 500 500 500 100 200 200 300 300 200 300 300 200 200 200 200 200 200 200 200 200 200 100 200 200 200 200 300 300 300 300 300 500 500 400 300 200 600 600 600 600 100 600 600 600 200 500 500 200 600 600 600 600 200 200 200 200 300 300 200 200 100 100 106 300 300 300 100 100 300 500 200 200 300 100 100 200 200 300 200 100 300 300 200 600 100 100 400 200 200 400 200 500 
500 202 200 200 500 100 100 300 500 100 100 200 300 300 200 200 200 300 200 200 300 200 200 200 200 200 300 200 200 200 200 200 200 300 300 600 200 300 100 500 500 300 200 200 300 600 600 100 100 600 600 300 500 500 500 400 600 600 600 100 200 200 200 300 300 100 200 200 200 304 300 300 400 400 300 300 300 200 200 200 200 400 202 200 200 200 200 300 200 100 100 100 100 304 300 202 200 200 200 500 
500 200 200 100 500 500 400 100 100 100 200 200 100 300 300 100 300 300 300 300 300 200 600 600 100 200 200 200 300 200 200 200 200 100 100 300 100 100 100 100 500 202 200 200 100 200 100 100 100 100 600 100 500 500 500 300 600 200 600 600 200 600 600 300 100 300 100 200 200 100 100 100 200 300 200 300 400 300 200 300 500 200 300 600 200 200 200 200 200 100 100 100 200 200 100 202 200 200 300 500 
500 200 500 500 500 500 600 300 300 200 202 100 300 300 200 300 300 600 300 200 400 300 300 600 600 600 200 300 200 200 200 200 101 100 300 300 200 100 602 500 200 200 200 100 100 200 200 200 600 600 600 500 500 500 100 100 200 200 200 600 600 300 300 300 304 500 100 100 200 200 600 200 400 300 300 300 300 200 200 200 200 100 300 300 100 200 200 300 200 100 100 100 200 200 300 100 200 100 400 500 
500 500 500 500 600 100 300 300 300 300 100 300 300 300 300 600 600 600 600 300 400 300 500 500 600 600 300 200 200 200 600 600 500 200 300 300 200 200 200 200 200 200 100 100 200 200 300 200 200 200 200 600 500 100 100 300 300 304 500 200 300 300 300 300 400 500 500 200 200 300 300 300 300 200 200 200 500 300 300 200 100 300 300 100 300 100 100 200 200 101 100 304 300 300 300 200 300 200 200 500 
500 200 500 500 600 300 200 304 300 100 300 300 200 200 200 500 600 600 300 600 500 500 500 500 500 500 500 500 600 600 200 500 500 500 300 100 300 200 300 200 200 300 300 300 300 300 400 400 200 200 600 500 600 600 100 300 300 300 200 200 500 304 300 200 300 300 200 100 200 300 300 300 200 200 100 500 300 300 300 301 300 100 300 300 300 300 300 300 400 100 100 300 200 200 300 300 300 300 500 500 
500 200 500 600 200 200 300 300 300 300 300 600 300 200 200 600 400 600 200 500 500 200 500 500 200 500 500 500 106 100 200 200 500 500 200 600 100 100 300 300 300 500 600 300 100 200 300 100 100 600 100 600 600 600 100 200 400 300 200 200 400 300 200 200 300 200 100 200 200 400 100 300 100 500 500 300 300 300 300 400 100 200 300 300 300 300 500 400 200 100 100 100 200 200 300 100 100 300 500 500 
500 100 600 200 300 200 300 300 300 300 600 100 100 100 100 600 600 300 500 500 200 200 300 100 300 500 500 500 300 500 500 200 200 200 200 100 200 100 300 300 100 300 300 100 100 500 200 200 200 100 300 200 200 200 200 200 100 300 200 200 300 300 200 200 200 200 200 200 200 300 300 100 200 300 500 300 300 300 300 500 400 100 200 200 400 300 300 200 200 300 300 300 300 300 300 100 100 200 200 500 
500 500 200 100 300 100 100 300 200 200 300 100 300 300 300 100 300 300 600 500 300 200 300 300 400 500 500 500 300 600 300 300 300 200 200 100 200 300 300 100 500 300 300 300 200 200 300 300 100 300 300 400 100 400 300 300 300 200 200 200 100 300 200 200 200 300 300 200 200 200 100 100 200 300 300 101 300 500 500 500 500 100 200 100 300 300 200 200 300 600 200 100 300 300 300 100 106 200 202 500 
500 500 100 200 300 100 100 200 300 300 304 300 100 100 100 100 300 300 600 600 300 200 300 100 100 500 100 500 300 600 100 200 300 300 600 200 200 100 100 500 500 200 200 200 500 300 300 600 600 300 200 300 300 300 300 300 200 200 200 200 500 500 200 200 200 200 200 200 200 300 200 200 200 300 300 300 500 600 500 500 500 200 100 100 300 300 300 100 600 200 200 200 300 300 200 200 100 100 100 500 
500 500 100 200 100 100 300 100 100 300 300 500 300 100 300 300 600 602 600 600 300 300 300 100 200 500 500 500 500 100 500 500 300 300 200 200 202 200 200 200 100 500 500 100 300 200 600 600 600 400 300 300 200 300 300 300 300 200 200 200 500 500 500 200 200 200 200 100 600 600 200 200 500 300 300 300 400 300 500 500 500 500 500 500 100 300 100 100 100 600 600 200 300 100 200 100 100 100 500 500 
500 500 500 100 100 400 100 200 300 300 300 300 300 300 300 600 600 600 200 100 200 200 100 100 200 100 300 300 500 500 100 500 101 200 200 300 300 200 200 200 500 500 500 500 100 200 200 600 600 200 300 300 100 300 300 300 101 600 600 600 600 500 200 200 200 200 100 100 600 200 200 200 600 600 200 300 300 200 500 500 500 500 500 500 100 200 100 100 300 600 600 100 100 300 100 300 200 200 200 500 
500 200 600 600 200 300 200 200 200 300 600 600 300 300 600 600 600 100 100 100 100 100 301 300 300 300 300 300 600 600 500 500 500 100 200 300 200 200 200 200 200 200 500 500 500 200 100 301 200 200 200 100 200 300 200 100 300 100 600 600 600 200 200 200 100 100 600 600 600 500 100 300 300 300 200 100 100 100 300 100 500 200 200 304 200 200 300 300 300 300 200 600 600 100 100 200 300 200 200 500 
500 200 600 100 100 300 300 300 300 600 600 600 600 600 600 600 600 600 300 100 100 300 300 200 200 600 600 200 600 600 300 500 500 100 100 100 500 500 200 200 200 200 200 500 200 100 200 200 200 200 100 300 200 200 100 100 100 100 300 200 500 100 100 200 100 200 600 600 500 100 200 200 300 400 100 100 100 100 100 100 100 100 300 300 300 300 300 100 301 300 200 300 600 600 300 300 600 600 500 500 
500 100 100 100 100 100 300 300 600 600 600 600 200 100 200 200 500 500 500 500 500 300 300 200 200 100 200 100 100 600 500 500 100 300 600 500 500 500 100 100 100 200 400 200 200 200 200 200 200 200 304 300 200 200 100 100 100 200 200 300 100 100 100 100 100 100 500 100 100 100 200 200 600 400 400 300 500 500 100 100 100 200 300 300 300 300 100 100 100 300 300 300 100 500 200 600 600 600 600 500 
500 500 500 500 500 500 500 500 500 500 500 500 500 500 500 500 500 500 500 500 500 500 500 500 500 500 500 500 500 500 500 500 500 500 500 500 500 500 500 500 500 500 500 500 500 500 500 500 500 500 500 500 500 500 500 500 500 500 500 500 500 500 500 500 500 500 500 500 500 500 500 500 500 500 500 500 500 500 500 500 500 500 500 500 500 500 500 500 500 500 500 500 500 500 500 500 500 500 500 500 
=
0 0 0 0 0 0 0 0 0 0 0 0 0 0 0 0 0 0 0 0 0 0 0 0 0 0 0 0 0 0 0 0 0 0 0 0 0 0 0 0 0 0 0 0 0 0 0 0 0 0 0 0 0 0 0 0 0 0 0 0 0 0 0 0 0 0 0 0 0 0 0 0 0 0 0 0 0 0 0 0 0 0 0 0 0 0 0 0 0 0 0 0 0 0 0 0 0 0 0 0 
0 0 0 0 0 0 0 0 0 0 0 0 0 0 0 0 0 0 0 0 0 0 0 0 0 0 0 0 0 0 0 0 0 0 0 0 0 0 0 0 0 0 0 0 0 0 0 0 0 0 0 0 0 0 0 0 0 0 0 0 0 0 0 0 0 0 0 0 0 0 0 0 0 0 0 0 0 0 0 0 0 0 0 0 0 0 0 0 0 0 0 0 0 0 0 0 0 0 0 0 
0 0 0 0 101 0 0 0 0 0 0 0 0 0 0 0 0 0 0 0 0 0 0 0 0 0 0 0 0 0 0 0 0 0 0 0 0 0 0 0 0 0 0 0 0 0 0 0 0 0 0 0 0 0 0 0 0 0 0 0 0 0 0 0 0 0 0 0 0 0 0 0 0 0 0 0 0 0 0 0 0 0 0 0 0 0 0 0 0 0 0 0 0 0 0 0 0 0 0 0 
0 0 0 203 0 0 103 0 150 0 0 0 0 0 0 0 0 0 0 0 0 0 0 0 0 0 0 0 0 0 0 0 0 0 0 0 0 0 0 0 0 0 0 0 0 0 0 0 0 0 0 0 0 0 0 0 0 0 0 0 0 0 0 0 0 0 0 0 0 0 0 0 0 0 0 0 0 0 0 0 0 0 0 0 0 0 0 0 0 0 0 0 0 0 0 0 0 0 0 0 
0 0 0 0 202 104 104 103 0 150 0 0 0 0 0 0 0 0 0 0 0 0 0 0 0 0 0 0 0 0 0 0 0 0 0 0 0 0 0 0 0 0 0 0 0 0 0 0 0 0 0 0 0 0 0 0 0 0 0 0 0 0 0 0 0 0 0 0 0 0 0 0 0 0 0 0 0 0 0 0 0 0 0 0 0 0 0 0 0 0 0 0 0 0 0 0 0 0 0 0 
0 0 0 0 0 301 250 104 0 0 150 0 0 0 0 0 0 0 0 0 0 0 0 0 0 0 0 0 0 0 0 0 0 0 0 0 0 0 0 0 0 0 0 0 0 0 0 0 0 0 0 0 0 0 0 0 0 0 0 0 0 0 0 0 0 0 0 0 0 0 0 0 0 0 0 0 0 0 0 0 0 0 0 0 0 0 0 0 0 0 0 0 0 0 0 0 0 0 0 0 
0 0 0 0 0 0 303 104 0 0 0 0 0 0 0 0 0 0 0 0 0 0 0 0 0 0 0 0 0 0 0 0 0 0 0 0 0 0 0 0 0 0 0 0 0 0 0 0 0 0 0 0 0 0 0 0 0 0 0 0 0 0 0 0 0 0 0 0 0 0 0 0 0 0 0 0 0 0 0 0 0 0 0 0 0 0 0 0 0 0 0 0 0 0 0 0 0 0 0 0 
0 0 0 0 0 0 0 250 0 0 0 0 0 0 0 0 0 0 0 0 0 0 0 0 0 0 0 0 0 0 0 0 0 0 0 0 0 0 0 0 0 0 0 0 0 0 0 0 0 0 0 0 0 0 0 0 0 0 0 0 0 0 0 0 0 0 0 0 0 0 0 0 0 0 0 0 0 0 0 0 0 0 0 0 0 0 0 0 0 0 0 0 0 0 0 0 0 0 0 0 
0 0 0 0 0 0 0 0 0 0 0 0 0 0 0 0 0 0 0 0 0 0 0 0 0 0 0 0 0 0 0 0 0 0 0 0 0 0 0 0 0 0 0 0 0 0 0 0 0 0 0 0 0 0 0 0 0 0 0 0 0 0 0 0 0 0 0 0 0 0 0 0 0 0 0 0 0 0 0 0 0 0 0 0 0 0 0 0 0 0 0 0 0 0 0 0 0 0 0 0 
0 0 0 0 0 0 0 0 0 0 0 0 0 0 0 0 0 0 0 0 0 0 0 0 0 0 0 0 0 0 0 0 0 0 0 0 0 0 0 0 0 0 0 0 0 0 0 0 0 0 0 0 0 0 0 0 0 0 0 0 0 0 0 0 0 0 0 0 0 0 0 0 0 0 0 0 0 0 0 0 0 0 0 0 0 0 0 0 0 0 0 0 0 0 0 0 0 0 0 0 
0 0 0 0 0 0 0 0 0 0 0 0 0 0 0 0 0 0 0 0 0 0 0 0 0 0 0 0 0 0 0 0 0 0 0 0 0 0 0 0 0 0 0 0 0 0 0 0 0 0 0 0 0 0 0 0 0 0 0 0 0 0 0 0 0 0 0 0 0 0 0 0 0 0 0 0 0 0 0 0 0 0 0 0 0 0 0 0 0 0 0 0 0 0 0 0 0 0 0 0 
0 0 0 0 0 0 0 0 0 0 0 0 0 0 0 0 0 0 0 0 0 0 0 0 0 0 0 0 0 0 0 0 0 0 0 0 0 0 0 0 0 0 0 0 0 0 0 0 0 0 0 0 0 0 0 0 0 0 0 0 0 0 0 0 0 0 0 0 0 0 0 0 0 0 0 0 0 0 0 0 0 0 0 0 0 0 0 0 0 0 0 0 0 0 0 0 0 0 0 0 
0 0 0 0 0 0 0 0 0 0 0 0 0 0 0 0 0 0 0 0 0 0 0 0 0 0 0 0 0 0 0 0 0 0 0 0 0 0 0 0 0 0 0 0 0 0 0 0 0 0 0 0 0 0 0 0 0 0 0 0 0 0 0 0 0 0 0 0 0 0 0 0 0 0 0 0 0 0 0 0 0 0 0 0 0 0 0 0 0 0 0 0 0 0 0 0 0 0 0 0 
0 0 0 0 0 0 0 0 0 0 0 0 0 0 0 0 0 0 0 0 0 0 0 0 0 0 0 0 0 0 0 0 0 0 0 0 0 0 0 0 0 0 0 0 0 0 0 0 0 0 0 0 0 0 0 0 0 0 0 0 0 0 0 0 0 0 0 0 0 0 0 0 0 0 0 0 0 0 0 0 0 0 0 0 0 0 0 0 0 0 0 0 0 0 0 0 0 0 0 0 
0 0 0 0 0 0 0 0 0 0 0 0 0 0 0 0 0 0 0 0 0 0 0 0 0 0 0 0 0 0 0 0 0 0 0 0 0 0 0 0 0 0 0 0 0 0 0 0 0 0 0 0 0 0 0 0 0 0 0 0 0 0 0 0 0 0 0 0 0 0 0 0 0 0 0 0 0 0 0 0 0 0 0 0 0 0 0 0 0 0 0 0 0 0 0 0 0 0 0 0 
0 0 0 0 0 0 0 0 0 0 0 0 0 0 0 0 0 0 0 0 0 0 0 0 0 0 0 0 0 0 0 0 0 0 0 0 0 0 0 0 0 0 0 0 0 0 0 0 0 0 0 0 0 0 0 0 0 0 0 0 0 0 0 0 0 0 0 0 0 0 0 0 0 0 0 0 0 0 0 0 0 0 0 0 0 0 0 0 0 0 0 0 0 0 0 0 0 0 0 0 
0 0 0 0 0 0 0 0 0 0 0 0 0 0 0 0 0 0 0 0 0 0 0 0 0 0 0 0 0 0 0 0 0 0 0 0 0 0 0 0 0 0 0 0 0 0 0 0 0 0 0 0 0 0 0 0 0 0 0 0 0 0 0 0 0 0 0 0 0 0 0 0 0 0 0 0 0 0 0 0 0 0 0 0 0 0 0 0 0 0 0 0 0 0 0 0 0 0 0 0 
0 0 0 0 0 0 0 0 0 0 0 0 0 0 0 0 0 0 0 0 0 0 0 0 0 0 0 0 0 0 0 0 0 0 0 0 0 0 0 0 0 0 0 0 0 0 0 0 0 0 0 0 0 0 0 0 0 0 0 0 0 0 0 0 0 0 0 0 0 0 0 0 0 0 0 0 0 0 0 0 0 0 0 0 0 0 0 0 0 0 0 0 0 0 0 0 0 0 0 0 
0 0 0 0 0 0 0 0 0 0 0 0 0 0 0 0 0 0 0 0 0 0 0 0 0 0 0 0 0 0 0 0 0 0 0 0 0 0 0 0 0 0 0 0 0 0 0 0 0 0 0 0 0 0 0 0 0 0 0 0 0 0 0 0 0 0 0 0 0 0 0 0 0 0 0 0 0 0 0 0 0 0 0 0 0 0 0 0 0 0 0 0 0 0 0 0 0 0 0 0 
0 0 0 0 0 0 0 0 0 0 0 0 0 0 0 0 0 0 0 0 0 0 0 0 0 0 0 0 0 0 0 0 0 0 0 0 0 0 0 0 0 0 0 0 0 0 0 0 0 0 0 0 0 0 0 0 0 0 0 0 0 0 0 0 0 0 0 0 0 0 0 0 0 0 0 0 0 0 0 0 0 0 0 0 0 0 0 0 0 0 0 0 0 0 0 0 0 0 0 0 
0 0 0 0 0 0 0 0 0 0 0 0 0 0 0 0 0 0 0 0 0 0 0 0 0 0 0 0 0 0 0 0 0 0 0 0 0 0 0 0 0 0 0 0 0 0 0 0 0 0 0 0 0 0 0 0 0 0 0 0 0 0 0 0 0 0 0 0 0 0 0 0 0 0 0 0 0 0 0 0 0 0 0 0 0 0 0 0 0 0 0 0 0 0 0 0 0 0 0 0 
0 0 0 0 0 0 0 0 0 0 0 0 0 0 0 0 0 0 0 0 0 0 0 0 0 0 0 0 0 0 0 0 0 0 0 0 0 0 0 0 0 0 0 0 0 0 0 0 0 0 0 0 0 0 0 0 0 0 0 0 0 0 0 0 0 0 0 0 0 0 0 0 0 0 0 0 0 0 0 0 0 0 0 0 0 0 0 0 0 0 0 0 0 0 0 0 0 0 0 0 
0 0 0 0 0 0 0 0 0 0 0 0 0 0 0 0 0 0 0 0 0 0 0 0 0 0 0 0 0 0 0 0 0 0 0 0 0 0 0 0 0 0 0 0 0 0 0 0 0 0 0 0 0 0 0 0 0 0 0 0 0 0 0 0 0 0 0 0 0 0 0 0 0 0 0 0 0 0 0 0 0 0 0 0 0 0 0 0 0 0 0 0 0 0 0 0 0 0 0 0 
0 0 0 0 0 0 0 0 0 0 0 0 0 0 0 0 0 0 0 0 0 0 0 0 0 0 0 0 0 0 0 0 0 0 0 0 0 0 0 0 0 0 0 0 0 0 0 0 0 0 0 0 0 0 0 0 0 0 0 0 0 0 0 0 0 0 0 0 0 0 0 0 0 0 0 0 0 0 0 0 0 0 0 0 0 0 0 0 0 0 0 0 0 0 0 0 0 0 0 0 
0 0 0 0 0 0 0 0 0 0 0 0 0 0 0 0 0 0 0 0 0 0 0 0 0 0 0 0 0 0 0 0 0 0 0 0 0 0 0 0 0 0 0 0 0 0 0 0 0 0 0 0 0 0 0 0 0 0 0 0 0 0 0 0 0 0 0 0 0 0 0 0 0 0 0 0 0 0 0 0 0 0 0 0 0 0 0 0 0 0 0 0 0 0 0 0 0 0 0 0 
0 0 0 0 0 0 0 0 0 0 0 0 0 0 0 0 0 0 0 0 0 0 0 0 0 0 0 0 0 0 0 0 0 0 0 0 0 0 0 0 0 0 0 0 0 0 0 0 0 0 0 0 0 0 0 0 0 0 0 0 0 0 0 0 0 0 0 0 0 0 0 0 0 0 0 0 0 0 0 0 0 0 0 0 0 0 0 0 0 0 0 0 0 0 0 0 0 0 0 0 
0 0 0 0 0 0 0 0 0 0 0 0 0 0 0 0 0 0 0 0 0 0 0 0 0 0 0 0 0 0 0 0 0 0 0 0 0 0 0 0 0 0 0 0 0 0 0 0 0 0 0 0 0 0 0 0 0 0 0 0 0 0 0 0 0 0 0 0 0 0 0 0 0 0 0 0 0 0 0 0 0 0 0 0 0 0 0 0 0 0 0 0 0 0 0 0 0 0 0 0 
0 0 0 0 0 0 0 0 0 0 0 0 0 0 0 0 0 0 0 0 0 0 0 0 0 0 0 0 0 0 0 0 0 0 0 0 0 0 0 0 0 0 0 0 0 0 0 0 0 0 0 0 0 0 0 0 0 0 0 0 0 0 0 0 0 0 0 0 0 0 0 0 0 0 0 0 0 0 0 0 0 0 0 0 0 0 0 0 0 0 0 0 0 0 0 0 0 0 0 0 
0 0 0 0 0 0 0 0 0 0 0 0 0 0 0 0 0 0 0 0 0 0 0 0 0 0 0 0 0 0 0 0 0 0 0 0 0 0 0 0 0 0 0 0 0 0 0 0 0 0 0 0 0 0 0 0 0 0 0 0 0 0 0 0 0 0 0 0 0 0 0 0 0 0 0 0 0 0 0 0 0 0 0 0 0 0 0 0 0 0 0 0 0 0 0 0 0 0 0 0 
0 0 0 0 0 0 0 0 0 0 0 0 0 0 0 0 0 0 0 0 0 0 0 0 0 0 0 0 0 0 0 0 0 0 0 0 0 0 0 0 0 0 0 0 0 0 0 0 0 0 0 0 0 0 0 0 0 0 0 0 0 0 0 0 0 0 0 0 0 0 0 0 0 0 0 0 0 0 0 0 0 0 0 0 0 0 0 0 0 0 0 0 0 0 0 0 0 0 0 0 
0 0 0 0 0 0 0 0 0 0 0 0 0 0 0 0 0 0 0 0 0 0 0 0 0 0 0 0 0 0 0 0 0 0 0 0 0 0 0 0 0 0 0 0 0 0 0 0 0 0 0 0 0 0 0 0 0 0 0 0 0 0 0 0 0 0 0 0 0 0 0 0 0 0 0 0 0 0 0 0 0 0 0 0 0 0 0 0 0 0 0 0 0 0 0 0 0 0 0 0 
0 0 0 0 0 0 0 0 0 0 0 0 0 0 0 0 0 0 0 0 0 0 0 0 0 0 0 0 0 0 0 0 0 0 0 0 0 0 0 0 0 0 0 0 0 0 0 0 0 0 0 0 0 0 0 0 0 0 0 0 0 0 0 0 0 0 0 0 0 0 0 0 0 0 0 0 0 0 0 0 0 0 0 0 0 0 0 0 0 0 0 0 0 0 0 0 0 0 0 0 
0 0 0 0 0 0 0 0 0 0 0 0 0 0 0 0 0 0 0 0 0 0 0 0 0 0 0 0 0 0 0 0 0 0 0 0 0 0 0 0 0 0 0 0 0 0 0 0 0 0 0 0 0 0 0 0 0 0 0 0 0 0 0 0 0 0 0 0 0 0 0 0 0 0 0 0 0 0 0 0 0 0 0 0 0 0 0 0 0 0 0 0 0 0 0 0 0 0 0 0 
0 0 0 0 0 0 0 0 0 0 0 0 0 0 0 0 0 0 0 0 0 0 0 0 0 0 0 0 0 0 0 0 0 0 0 0 0 0 0 0 0 0 0 0 0 0 0 0 0 0 0 0 0 0 0 0 0 0 0 0 0 0 0 0 0 0 0 0 0 0 0 0 0 0 0 0 0 0 0 0 0 0 0 0 0 0 0 0 0 0 0 0 0 0 0 0 0 0 0 0 
0 0 0 0 0 0 0 0 0 0 0 0 0 0 0 0 0 0 0 0 0 0 0 0 0 0 0 0 0 0 0 0 0 0 0 0 0 0 0 0 0 0 0 0 0 0 0 0 0 0 0 0 0 0 0 0 0 0 0 0 0 0 0 0 0 0 0 0 0 0 0 0 0 0 0 0 0 0 0 0 0 0 0 0 0 0 0 0 0 0 0 0 0 0 0 0 0 0 0 0 
0 0 0 0 0 0 0 0 0 0 0 0 0 0 0 0 0 0 0 0 0 0 0 0 0 0 0 0 0 0 0 0 0 0 0 0 0 0 0 0 0 0 0 0 0 0 0 0 0 0 0 0 0 0 0 0 0 0 0 0 0 0 0 0 0 0 0 0 0 0 0 0 0 0 0 0 0 0 0 0 0 0 0 0 0 0 0 0 0 0 0 0 0 0 0 0 0 0 0 0 
0 0 0 0 0 0 0 0 0 0 0 0 0 0 0 0 0 0 0 0 0 0 0 0 0 0 0 0 0 0 0 0 0 0 0 0 0 0 0 0 0 0 0 0 0 0 0 0 0 0 0 0 0 0 0 0 0 0 0 0 0 0 0 0 0 0 0 0 0 0 0 0 0 0 0 0 0 0 0 0 0 0 0 0 0 0 0 0 0 0 0 0 0 0 0 0 0 0 0 0 
0 0 0 0 0 0 0 0 0 0 0 0 0 0 0 0 0 0 0 0 0 0 0 0 0 0 0 0 0 0 0 0 0 0 0 0 0 0 0 0 0 0 0 0 0 0 0 0 0 0 0 0 0 0 0 0 0 0 0 0 0 0 0 0 0 0 0 0 0 0 0 0 0 0 0 0 0 0 0 0 0 0 0 0 0 0 0 0 0 0 0 0 0 0 0 0 0 0 0 0 
0 0 0 0 0 0 0 0 0 0 0 0 0 0 0 0 0 0 0 0 0 0 0 0 0 0 0 0 0 0 0 0 0 0 0 0 0 0 0 0 0 0 0 0 0 0 0 0 0 0 0 0 0 0 0 0 0 0 0 0 0 0 0 0 0 0 0 0 0 0 0 0 0 0 0 0 0 0 0 0 0 0 0 0 0 0 0 0 0 0 0 0 0 0 0 0 0 0 0 0 
0 0 0 0 0 0 0 0 0 0 0 0 0 0 0 0 0 0 0 0 0 0 0 0 0 0 0 0 0 0 0 0 0 0 0 0 0 0 0 0 0 0 0 0 0 0 0 0 0 0 0 0 0 0 0 0 0 0 0 0 0 0 0 0 0 0 0 0 0 0 0 0 0 0 0 0 0 0 0 0 0 0 0 0 0 0 0 0 0 0 0 0 0 0 0 0 0 0 0 0 
0 0 0 0 0 0 0 0 0 0 0 0 0 0 0 0 0 0 0 0 0 0 0 0 0 0 0 0 0 0 0 0 0 0 0 0 0 0 0 0 0 0 0 0 0 0 0 0 0 0 0 0 0 0 0 0 0 0 0 0 0 0 0 0 0 0 0 0 0 0 0 0 0 0 0 0 0 0 0 0 0 0 0 0 0 0 0 0 0 0 0 0 0 0 0 0 0 0 0 0 
0 0 0 0 0 0 0 0 0 0 0 0 0 0 0 0 0 0 0 0 0 0 0 0 0 0 0 0 0 0 0 0 0 0 0 0 0 0 0 0 0 0 0 0 0 0 0 0 0 0 0 0 0 0 0 0 0 0 0 0 0 0 0 0 0 0 0 0 0 0 0 0 0 0 0 0 0 0 0 0 0 0 0 0 0 0 0 0 0 0 0 0 0 0 0 0 0 0 0 0 
0 0 0 0 0 0 0 0 0 0 0 0 0 0 0 0 0 0 0 0 0 0 0 0 0 0 0 0 0 0 0 0 0 0 0 0 0 0 0 0 0 0 0 0 0 0 0 0 0 0 0 0 0 0 0 0 0 0 0 0 0 0 0 0 0 0 0 0 0 0 0 0 0 0 0 0 0 0 0 0 0 0 0 0 0 0 0 0 0 0 0 0 0 0 0 0 0 0 0 0 
0 0 0 0 0 0 0 0 0 0 0 0 0 0 0 0 0 0 0 0 0 0 0 0 0 0 0 0 0 0 0 0 0 0 0 0 0 0 0 0 0 0 0 0 0 0 0 0 0 0 0 0 0 0 0 0 0 0 0 0 0 0 0 0 0 0 0 0 0 0 0 0 0 0 0 0 0 0 0 0 0 0 0 0 0 0 0 0 0 0 0 0 0 0 0 0 0 0 0 0 
0 0 0 0 0 0 0 0 0 0 0 0 0 0 0 0 0 0 0 0 0 0 0 0 0 0 0 0 0 0 0 0 0 0 0 0 0 0 0 0 0 0 0 0 0 0 0 0 0 0 0 0 0 0 0 0 0 0 0 0 0 0 0 0 0 0 0 0 0 0 0 0 0 0 0 0 0 0 0 0 0 0 0 0 0 0 0 0 0 0 0 0 0 0 0 0 0 0 0 0 
0 0 0 0 0 0 0 0 0 0 0 0 0 0 0 0 0 0 0 0 0 0 0 0 0 0 0 0 0 0 0 0 0 0 0 0 0 0 0 0 0 0 0 0 0 0 0 0 0 0 0 0 0 0 0 0 0 0 0 0 0 0 0 0 0 0 0 0 0 0 0 0 0 0 0 0 0 0 0 0 0 0 0 0 0 0 0 0 0 0 0 0 0 0 0 0 0 0 0 0 
0 0 0 0 0 0 0 0 0 0 0 0 0 0 0 0 0 0 0 0 0 0 0 0 0 0 0 0 0 0 0 0 0 0 0 0 0 0 0 0 0 0 0 0 0 0 0 0 0 0 0 0 0 0 0 0 0 0 0 0 0 0 0 0 0 0 0 0 0 0 0 0 0 0 0 0 0 0 0 0 0 0 0 0 0 0 0 0 0 0 0 0 0 0 0 0 0 0 0 0 
0 0 0 0 0 0 0 0 0 0 0 0 0 0 0 0 0 0 0 0 0 0 0 0 0 0 0 0 0 0 0 0 0 0 0 0 0 0 0 0 0 0 0 0 0 0 0 0 0 0 0 0 0 0 0 0 0 0 0 0 0 0 0 0 0 0 0 0 0 0 0 0 0 0 0 0 0 0 0 0 0 0 0 0 0 0 0 0 0 0 0 0 0 0 0 0 0 0 0 0 
0 0 0 0 0 0 0 0 0 0 0 0 0 0 0 0 0 0 0 0 0 0 0 0 0 0 0 0 0 0 0 0 0 0 0 0 0 0 0 0 0 0 0 0 0 0 0 0 0 0 0 0 0 0 0 0 0 0 0 0 0 0 0 0 0 0 0 0 0 0 0 0 0 0 0 0 0 0 0 0 0 0 0 0 0 0 0 0 0 0 0 0 0 0 0 0 0 0 0 0 
0 0 0 0 0 0 0 0 0 0 0 0 0 0 0 0 0 0 0 0 0 0 0 0 0 0 0 0 0 0 0 0 0 0 0 0 0 0 0 0 0 0 0 0 0 0 0 0 0 0 0 0 0 0 0 0 0 0 0 0 0 0 0 0 0 0 0 0 0 0 0 0 0 0 0 0 0 0 0 0 0 0 0 0 0 0 0 0 0 0 0 0 0 0 0 0 0 0 0 0 
0 0 0 0 0 0 0 0 0 0 0 0 0 0 0 0 0 0 0 0 0 0 0 0 0 0 0 0 0 0 0 0 0 0 0 0 0 0 0 0 0 0 0 0 0 0 0 0 0 0 0 0 0 0 0 0 0 0 0 0 0 0 0 0 0 0 0 0 0 0 0 0 0 0 0 0 0 0 0 0 0 0 0 0 0 0 0 0 0 0 0 0 0 0 0 0 0 0 0 0 
0 0 0 0 0 0 0 0 0 0 0 0 0 0 0 0 0 0 0 0 0 0 0 0 0 0 0 0 0 0 0 0 0 0 0 0 0 0 0 0 0 0 0 0 0 0 0 0 0 0 0 0 0 0 0 0 0 0 0 0 0 0 0 0 0 0 0 0 0 0 0 0 0 0 0 0 0 0 0 0 0 0 0 0 0 0 0 0 0 0 0 0 0 0 0 0 0 0 0 0 
0 0 0 0 0 0 0 0 0 0 0 0 0 0 0 0 0 0 0 0 0 0 0 0 0 0 0 0 0 0 0 0 0 0 0 0 0 0 0 0 0 0 0 0 0 0 0 0 0 0 0 0 0 0 0 0 0 0 0 0 0 0 0 0 0 0 0 0 0 0 0 0 0 0 0 0 0 0 0 0 0 0 0 0 0 0 0 0 0 0 0 0 0 0 0 0 0 0 0 0 
0 0 0 0 0 0 0 0 0 0 0 0 0 0 0 0 0 0 0 0 0 0 0 0 0 0 0 0 0 0 0 0 0 0 0 0 0 0 0 0 0 0 0 0 0 0 0 0 0 0 0 0 0 0 0 0 0 0 0 0 0 0 0 0 0 0 0 0 0 0 0 0 0 0 0 0 0 0 0 0 0 0 0 0 0 0 0 0 0 0 0 0 0 0 0 0 0 0 0 0 
0 0 0 0 0 0 0 0 0 0 0 0 0 0 0 0 0 0 0 0 0 0 0 0 0 0 0 0 0 0 0 0 0 0 0 0 0 0 0 0 0 0 0 0 0 0 0 0 0 0 0 0 0 0 0 0 0 0 0 0 0 0 0 0 0 0 0 0 0 0 0 0 0 0 0 0 0 0 0 0 0 0 0 0 0 0 0 0 0 0 0 0 0 0 0 0 0 0 0 0 
0 0 0 0 0 0 0 0 0 0 0 0 0 0 0 0 0 0 0 0 0 0 0 0 0 0 0 0 0 0 0 0 0 0 0 0 0 0 0 0 0 0 0 0 0 0 0 0 0 0 0 0 0 0 0 0 0 0 0 0 0 0 0 0 0 0 0 0 0 0 0 0 0 0 0 0 0 0 0 0 0 0 0 0 0 0 0 0 0 0 0 0 0 0 0 0 0 0 0 0 
0 0 0 0 0 0 0 0 0 0 0 0 0 0 0 0 0 0 0 0 0 0 0 0 0 0 0 0 0 0 0 0 0 0 0 0 0 0 0 0 0 0 0 0 0 0 0 0 0 0 0 0 0 0 0 0 0 0 0 0 0 0 0 0 0 0 0 0 0 0 0 0 0 0 0 0 0 0 0 0 0 0 0 0 0 0 0 0 0 0 0 0 0 0 0 0 0 0 0 0 
0 0 0 0 0 0 0 0 0 0 0 0 0 0 0 0 0 0 0 0 0 0 0 0 0 0 0 0 0 0 0 0 0 0 0 0 0 0 0 0 0 0 0 0 0 0 0 0 0 0 0 0 0 0 0 0 0 0 0 0 0 0 0 0 0 0 0 0 0 0 0 0 0 0 0 0 0 0 0 0 0 0 0 0 0 0 0 0 0 0 0 0 0 0 0 0 0 0 0 0 
0 0 0 0 0 0 0 0 0 0 0 0 0 0 0 0 0 0 0 0 0 0 0 0 0 0 0 0 0 0 0 0 0 0 0 0 0 0 0 0 0 0 0 0 0 0 0 0 0 0 0 0 0 0 0 0 0 0 0 0 0 0 0 0 0 0 0 0 0 0 0 0 0 0 0 0 0 0 0 0 0 0 0 0 0 0 0 0 0 0 0 0 0 0 0 0 0 0 0 0 
0 0 0 0 0 0 0 0 0 0 0 0 0 0 0 0 0 0 0 0 0 0 0 0 0 0 0 0 0 0 0 0 0 0 0 0 0 0 0 0 0 0 0 0 0 0 0 0 0 0 0 0 0 0 0 0 0 0 0 0 0 0 0 0 0 0 0 0 0 0 0 0 0 0 0 0 0 0 0 0 0 0 0 0 0 0 0 0 0 0 0 0 0 0 0 0 0 0 0 0 
0 0 0 0 0 0 0 0 0 0 0 0 0 0 0 0 0 0 0 0 0 0 0 0 0 0 0 0 0 0 0 0 0 0 0 0 0 0 0 0 0 0 0 0 0 0 0 0 0 0 0 0 0 0 0 0 0 0 0 0 0 0 0 0 0 0 0 0 0 0 0 0 0 0 0 0 0 0 0 0 0 0 0 0 0 0 0 0 0 0 0 0 0 0 0 0 0 0 0 0 
0 0 0 0 0 0 0 0 0 0 0 0 0 0 0 0 0 0 0 0 0 0 0 0 0 0 0 0 0 0 0 0 0 0 0 0 0 0 0 0 0 0 0 0 0 0 0 0 0 0 0 0 0 0 0 0 0 0 0 0 0 0 0 0 0 0 0 0 0 0 0 0 0 0 0 0 0 0 0 0 0 0 0 0 0 0 0 0 0 0 0 0 0 0 0 0 0 0 0 0 
0 0 0 0 0 0 0 0 0 0 0 0 0 0 0 0 0 0 0 0 0 0 0 0 0 0 0 0 0 0 0 0 0 0 0 0 0 0 0 0 0 0 0 0 0 0 0 0 0 0 0 0 0 0 0 0 0 0 0 0 0 0 0 0 0 0 0 0 0 0 0 0 0 0 0 0 0 0 0 0 0 0 0 0 0 0 0 0 0 0 0 0 0 0 0 0 0 0 0 0 
0 0 0 0 0 0 0 0 0 0 0 0 0 0 0 0 0 0 0 0 0 0 0 0 0 0 0 0 0 0 0 0 0 0 0 0 0 0 0 0 0 0 0 0 0 0 0 0 0 0 0 0 0 0 0 0 0 0 0 0 0 0 0 0 0 0 0 0 0 0 0 0 0 0 0 0 0 0 0 0 0 0 0 0 0 0 0 0 0 0 0 0 0 0 0 0 0 0 0 0 
0 0 0 0 0 0 0 0 0 0 0 0 0 0 0 0 0 0 0 0 0 0 0 0 0 0 0 0 0 0 0 0 0 0 0 0 0 0 0 0 0 0 0 0 0 0 0 0 0 0 0 0 0 0 0 0 0 0 0 0 0 0 0 0 0 0 0 0 0 0 0 0 0 0 0 0 0 0 0 0 0 0 0 0 0 0 0 0 0 0 0 0 0 0 0 0 0 0 0 0 
0 0 0 0 0 0 0 0 0 0 0 0 0 0 0 0 0 0 0 0 0 0 0 0 0 0 0 0 0 0 0 0 0 0 0 0 0 0 0 0 0 0 0 0 0 0 0 0 0 0 0 0 0 0 0 0 0 0 0 0 0 0 0 0 0 0 0 0 0 0 0 0 0 0 0 0 0 0 0 0 0 0 0 0 0 0 0 0 0 0 0 0 0 0 0 0 0 0 0 0 
0 0 0 0 0 0 0 0 0 0 0 0 0 0 0 0 0 0 0 0 0 0 0 0 0 0 0 0 0 0 0 0 0 0 0 0 0 0 0 0 0 0 0 0 0 0 0 0 0 0 0 0 0 0 0 0 0 0 0 0 0 0 0 0 0 0 0 0 0 0 0 0 0 0 0 0 0 0 0 0 0 0 0 0 0 0 0 0 0 0 0 0 0 0 0 0 0 0 0 0 
0 0 0 0 0 0 0 0 0 0 0 0 0 0 0 0 0 0 0 0 0 0 0 0 0 0 0 0 0 0 0 0 0 0 0 0 0 0 0 0 0 0 0 0 0 0 0 0 0 0 0 0 0 0 0 0 0 0 0 0 0 0 0 0 0 0 0 0 0 0 0 0 0 0 0 0 0 0 0 0 0 0 0 0 0 0 0 0 0 0 0 0 0 0 0 0 0 0 0 0 
0 0 0 0 0 0 0 0 0 0 0 0 0 0 0 0 0 0 0 0 0 0 0 0 0 0 0 0 0 0 0 0 0 0 0 0 0 0 0 0 0 0 0 0 0 0 0 0 0 0 0 0 0 0 0 0 0 0 0 0 0 0 0 0 0 0 0 0 0 0 0 0 0 0 0 0 0 0 0 0 0 0 0 0 0 0 0 0 0 0 0 0 0 0 0 0 0 0 0 0 
0 0 0 0 0 0 0 0 0 0 0 0 0 0 0 0 0 0 0 0 0 0 0 0 0 0 0 0 0 0 0 0 0 0 0 0 0 0 0 0 0 0 0 0 0 0 0 0 0 0 0 0 0 0 0 0 0 0 0 0 0 0 0 0 0 0 0 0 0 0 0 0 0 0 0 0 0 0 0 0 0 0 0 0 0 0 0 0 0 0 0 0 0 0 0 0 0 0 0 0 
0 0 0 0 0 0 0 0 0 0 0 0 0 0 0 0 0 0 0 0 0 0 0 0 0 0 0 0 0 0 0 0 0 0 0 0 0 0 0 0 0 0 0 0 0 0 0 0 0 0 0 0 0 0 0 0 0 0 0 0 0 0 0 0 0 0 0 0 0 0 0 0 0 0 0 0 0 0 0 0 0 0 0 0 0 0 0 0 0 0 0 0 0 0 0 0 0 0 0 0 
0 0 0 0 0 0 0 0 0 0 0 0 0 0 0 0 0 0 0 0 0 0 0 0 0 0 0 0 0 0 0 0 0 0 0 0 0 0 0 0 0 0 0 0 0 0 0 0 0 0 0 0 0 0 0 0 0 0 0 0 0 0 0 0 0 0 0 0 0 0 0 0 0 0 0 0 0 0 0 0 0 0 0 0 0 0 0 0 0 0 0 0 0 0 0 0 0 0 0 0 
0 0 0 0 0 0 0 0 0 0 0 0 0 0 0 0 0 0 0 0 0 0 0 0 0 0 0 0 0 0 0 0 0 0 0 0 0 0 0 0 0 0 0 0 0 0 0 0 0 0 0 0 0 0 0 0 0 0 0 0 0 0 0 0 0 0 0 0 0 0 0 0 0 0 0 0 0 0 0 0 0 0 0 0 0 0 0 0 0 0 0 0 0 0 0 0 0 0 0 0 
0 0 0 0 0 0 0 0 0 0 0 0 0 0 0 0 0 0 0 0 0 0 0 0 0 0 0 0 0 0 0 0 0 0 0 0 0 0 0 0 0 0 0 0 0 0 0 0 0 0 0 0 0 0 0 0 0 0 0 0 0 0 0 0 0 0 0 0 0 0 0 0 0 0 0 0 0 0 0 0 0 0 0 0 0 0 0 0 0 0 0 0 0 0 0 0 0 0 0 0 
0 0 0 0 0 0 0 0 0 0 0 0 0 0 0 0 0 0 0 0 0 0 0 0 0 0 0 0 0 0 0 0 0 0 0 0 0 0 0 0 0 0 0 0 0 0 0 0 0 0 0 0 0 0 0 0 0 0 0 0 0 0 0 0 0 0 0 0 0 0 0 0 0 0 0 0 0 0 0 0 0 0 0 0 0 0 0 0 0 0 0 0 0 0 0 0 0 0 0 0 
0 0 0 0 0 0 0 0 0 0 0 0 0 0 0 0 0 0 0 0 0 0 0 0 0 0 0 0 0 0 0 0 0 0 0 0 0 0 0 0 0 0 0 0 0 0 0 0 0 0 0 0 0 0 0 0 0 0 0 0 0 0 0 0 0 0 0 0 0 0 0 0 0 0 0 0 0 0 0 0 0 0 0 0 0 0 0 0 0 0 0 0 0 0 0 0 0 0 0 0 
0 0 0 0 0 0 0 0 0 0 0 0 0 0 0 0 0 0 0 0 0 0 0 0 0 0 0 0 0 0 0 0 0 0 0 0 0 0 0 0 0 0 0 0 0 0 0 0 0 0 0 0 0 0 0 0 0 0 0 0 0 0 0 0 0 0 0 0 0 0 0 0 0 0 0 0 0 0 0 0 0 0 0 0 0 0 0 0 0 0 0 0 0 0 0 0 0 0 0 0 
0 0 0 0 0 0 0 0 0 0 0 0 0 0 0 0 0 0 0 0 0 0 0 0 0 0 0 0 0 0 0 0 0 0 0 0 0 0 0 0 0 0 0 0 0 0 0 0 0 0 0 0 0 0 0 0 0 0 0 0 0 0 0 0 0 0 0 0 0 0 0 0 0 0 0 0 0 0 0 0 0 0 0 0 0 0 0 0 0 0 0 0 0 0 0 0 0 0 0 0 
0 0 0 0 0 0 0 0 0 0 0 0 0 0 0 0 0 0 0 0 0 0 0 0 0 0 0 0 0 0 0 0 0 0 0 0 0 0 0 0 0 0 0 0 0 0 0 0 0 0 0 0 0 0 0 0 0 0 0 0 0 0 0 0 0 0 0 0 0 0 0 0 0 0 0 0 0 0 0 0 0 0 0 0 0 0 0 0 0 0 0 0 0 0 0 0 0 0 0 0 
0 0 0 0 0 0 0 0 0 0 0 0 0 0 0 0 0 0 0 0 0 0 0 0 0 0 0 0 0 0 0 0 0 0 0 0 0 0 0 0 0 0 0 0 0 0 0 0 0 0 0 0 0 0 0 0 0 0 0 0 0 0 0 0 0 0 0 0 0 0 0 0 0 0 0 0 0 0 0 0 0 0 0 0 0 0 0 0 0 0 0 0 0 0 0 0 0 0 0 0 
0 0 0 0 0 0 0 0 0 0 0 0 0 0 0 0 0 0 0 0 0 0 0 0 0 0 0 0 0 0 0 0 0 0 0 0 0 0 0 0 0 0 0 0 0 0 0 0 0 0 0 0 0 0 0 0 0 0 0 0 0 0 0 0 0 0 0 0 0 0 0 0 0 0 0 0 0 0 0 0 0 0 0 0 0 0 0 0 0 0 0 0 0 0 0 0 0 0 0 0 
0 0 0 0 0 0 0 0 0 0 0 0 0 0 0 0 0 0 0 0 0 0 0 0 0 0 0 0 0 0 0 0 0 0 0 0 0 0 0 0 0 0 0 0 0 0 0 0 0 0 0 0 0 0 0 0 0 0 0 0 0 0 0 0 0 0 0 0 0 0 0 0 0 0 0 0 0 0 0 0 0 0 0 0 0 0 0 0 0 0 0 0 0 0 0 0 0 0 0 0 
0 0 0 0 0 0 0 0 0 0 0 0 0 0 0 0 0 0 0 0 0 0 0 0 0 0 0 0 0 0 0 0 0 0 0 0 0 0 0 0 0 0 0 0 0 0 0 0 0 0 0 0 0 0 0 0 0 0 0 0 0 0 0 0 0 0 0 0 0 0 0 0 0 0 0 0 0 0 0 0 0 0 0 0 0 0 0 0 0 0 0 0 0 0 0 0 0 0 0 0 
0 0 0 0 0 0 0 0 0 0 0 0 0 0 0 0 0 0 0 0 0 0 0 0 0 0 0 0 0 0 0 0 0 0 0 0 0 0 0 0 0 0 0 0 0 0 0 0 0 0 0 0 0 0 0 0 0 0 0 0 0 0 0 0 0 0 0 0 0 0 0 0 0 0 0 0 0 0 0 0 0 0 0 0 0 0 0 0 0 0 0 0 0 0 0 0 0 0 0 0 
0 0 0 0 0 0 0 0 0 0 0 0 0 0 0 0 0 0 0 0 0 0 0 0 0 0 0 0 0 0 0 0 0 0 0 0 0 0 0 0 0 0 0 0 0 0 0 0 0 0 0 0 0 0 0 0 0 0 0 0 0 0 0 0 0 0 0 0 0 0 0 0 0 0 0 0 0 0 0 0 0 0 0 0 0 0 0 0 0 0 0 0 0 0 0 0 0 0 0 0 
0 0 0 0 0 0 0 0 0 0 0 0 0 0 0 0 0 0 0 0 0 0 0 0 0 0 0 0 0 0 0 0 0 0 0 0 0 0 0 0 0 0 0 0 0 0 0 0 0 0 0 0 0 0 0 0 0 0 0 0 0 0 0 0 0 0 0 0 0 0 0 0 0 0 0 0 0 0 0 0 0 0 0 0 0 0 0 0 0 0 0 0 0 0 0 0 0 0 0 0 
0 0 0 0 0 0 0 0 0 0 0 0 0 0 0 0 0 0 0 0 0 0 0 0 0 0 0 0 0 0 0 0 0 0 0 0 0 0 0 0 0 0 0 0 0 0 0 0 0 0 0 0 0 0 0 0 0 0 0 0 0 0 0 0 0 0 0 0 0 0 0 0 0 0 0 0 0 0 0 0 0 0 0 0 0 0 0 0 0 0 0 0 0 0 0 0 0 0 0 0 
0 0 0 0 0 0 0 0 0 0 0 0 0 0 0 0 0 0 0 0 0 0 0 0 0 0 0 0 0 0 0 0 0 0 0 0 0 0 0 0 0 0 0 0 0 0 0 0 0 0 0 0 0 0 0 0 0 0 0 0 0 0 0 0 0 0 0 0 0 0 0 0 0 0 0 0 0 0 0 0 0 0 0 0 0 0 0 0 0 0 0 0 0 0 0 0 0 0 0 0 
0 0 0 0 0 0 0 0 0 0 0 0 0 0 0 0 0 0 0 0 0 0 0 0 0 0 0 0 0 0 0 0 0 0 0 0 0 0 0 0 0 0 0 0 0 0 0 0 0 0 0 0 0 0 0 0 0 0 0 0 0 0 0 0 0 0 0 0 0 0 0 0 0 0 0 0 0 0 0 0 0 0 0 0 0 0 0 0 0 0 0 0 0 0 0 0 0 0 0 0 
0 0 0 0 0 0 0 0 0 0 0 0 0 0 0 0 0 0 0 0 0 0 0 0 0 0 0 0 0 0 0 0 0 0 0 0 0 0 0 0 0 0 0 0 0 0 0 0 0 0 0 0 0 0 0 0 0 0 0 0 0 0 0 0 0 0 0 0 0 0 0 0 0 0 0 0 0 0 0 0 0 0 0 0 0 0 0 0 0 0 0 0 0 0 0 0 0 0 0 0 
0 0 0 0 0 0 0 0 0 0 0 0 0 0 0 0 0 0 0 0 0 0 0 0 0 0 0 0 0 0 0 0 0 0 0 0 0 0 0 0 0 0 0 0 0 0 0 0 0 0 0 0 0 0 0 0 0 0 0 0 0 0 0 0 0 0 0 0 0 0 0 0 0 0 0 0 0 0 0 0 0 0 0 0 0 0 0 0 0 0 0 0 0 0 0 0 0 0 0 0 
0 0 0 0 0 0 0 0 0 0 0 0 0 0 0 0 0 0 0 0 0 0 0 0 0 0 0 0 0 0 0 0 0 0 0 0 0 0 0 0 0 0 0 0 0 0 0 0 0 0 0 0 0 0 0 0 0 0 0 0 0 0 0 0 0 0 0 0 0 0 0 0 0 0 0 0 0 0 0 0 0 0 0 0 0 0 0 0 0 0 0 0 0 0 0 0 0 0 0 0 
0 0 0 0 0 0 0 0 0 0 0 0 0 0 0 0 0 0 0 0 0 0 0 0 0 0 0 0 0 0 0 0 0 0 0 0 0 0 0 0 0 0 0 0 0 0 0 0 0 0 0 0 0 0 0 0 0 0 0 0 0 0 0 0 0 0 0 0 0 0 0 0 0 0 0 0 0 0 0 0 0 0 0 0 0 0 0 0 0 0 0 0 0 0 0 0 0 0 0 0 
0 0 0 0 0 0 0 0 0 0 0 0 0 0 0 0 0 0 0 0 0 0 0 0 0 0 0 0 0 0 0 0 0 0 0 0 0 0 0 0 0 0 0 0 0 0 0 0 0 0 0 0 0 0 0 0 0 0 0 0 0 0 0 0 0 0 0 0 0 0 0 0 0 0 0 0 0 0 0 0 0 0 0 0 0 0 0 0 0 0 0 0 0 0 0 0 0 0 0 0 
0 0 0 0 0 0 0 0 0 0 0 0 0 0 0 0 0 0 0 0 0 0 0 0 0 0 0 0 0 0 0 0 0 0 0 0 0 0 0 0 0 0 0 0 0 0 0 0 0 0 0 0 0 0 0 0 0 0 0 0 0 0 0 0 0 0 0 0 0 0 0 0 0 0 0 0 0 0 0 0 0 0 0 0 0 0 0 0 0 0 0 0 0 0 0 0 0 0 0 0 
0 0 0 0 0 0 0 0 0 0 0 0 0 0 0 0 0 0 0 0 0 0 0 0 0 0 0 0 0 0 0 0 0 0 0 0 0 0 0 0 0 0 0 0 0 0 0 0 0 0 0 0 0 0 0 0 0 0 0 0 0 0 0 0 0 0 0 0 0 0 0 0 0 0 0 0 0 0 0 0 0 0 0 0 0 0 0 0 0 0 0 0 0 0 0 0 0 0 0 0 
0 0 0 0 0 0 0 0 0 0 0 0 0 0 0 0 0 0 0 0 0 0 0 0 0 0 0 0 0 0 0 0 0 0 0 0 0 0 0 0 0 0 0 0 0 0 0 0 0 0 0 0 0 0 0 0 0 0 0 0 0 0 0 0 0 0 0 0 0 0 0 0 0 0 0 0 0 0 0 0 0 0 0 0 0 0 0 0 0 0 0 0 0 0 0 0 0 0 0 0 
0 0 0 0 0 0 0 0 0 0 0 0 0 0 0 0 0 0 0 0 0 0 0 0 0 0 0 0 0 0 0 0 0 0 0 0 0 0 0 0 0 0 0 0 0 0 0 0 0 0 0 0 0 0 0 0 0 0 0 0 0 0 0 0 0 0 0 0 0 0 0 0 0 0 0 0 0 0 0 0 0 0 0 0 0 0 0 0 0 0 0 0 0 0 0 0 0 0 0 0 
0 0 0 0 0 0 0 0 0 0 0 0 0 0 0 0 0 0 0 0 0 0 0 0 0 0 0 0 0 0 0 0 0 0 0 0 0 0 0 0 0 0 0 0 0 0 0 0 0 0 0 0 0 0 0 0 0 0 0 0 0 0 0 0 0 0 0 0 0 0 0 0 0 0 0 0 0 0 0 0 0 0 0 0 0 0 0 0 0 0 0 0 0 0 0 0 0 0 0 0 
0 0 0 0 0 0 0 0 0 0 0 0 0 0 0 0 0 0 0 0 0 0 0 0 0 0 0 0 0 0 0 0 0 0 0 0 0 0 0 0 0 0 0 0 0 0 0 0 0 0 0 0 0 0 0 0 0 0 0 0 0 0 0 0 0 0 0 0 0 0 0 0 0 0 0 0 0 0 0 0 0 0 0 0 0 0 0 0 0 0 0 0 0 0 0 0 0 0 0 0 
=
player 1 0 0
_
NoNameTown 1 96 256 10 1 1 10 196 203 0 100 0 0
~

*
NoNameTown 1 128 288 10 1 1 10 232 141 0 100 0 0
~

*
NoNameTown 1 160 320 10 1 1 10 130 70 0 100 0 0
~

*

&
1 1 2 4 0 0 4 1 128 160 1|1 1 2 4 0 0 4 1 128 192 1|1 0 1 3 0 0 1 1 64 128 1|1 1 3 3 0 0 3 1 128 224 1|1 1 3 3 0 0 3 1 96 192 1|1 1 2 4 0 0 4 1 192 224 1|1 1 2 4 0 0 4 1 160 224 1|
#
Ruslan 2 0 0
_
NoNameTown 2 160 192 10 1 1 10 0 5 0 100 0 0
~

*
NoNameTown 2 224 224 10 1 1 10 0 5 0 100 0 0
~

*

&
1 0 1 3 0 0 2 2 128 128 1|1 1 3 3 0 0 3 2 96 96 1|
#
Vova 3 0 0
_

&
1 0 1 3 0 0 1 3 160 160 1|1 1 3 3 0 0 3 3 192 192 1|
#
