500 500 500 500 500 500 500 500 500 500 500 500 500 500 500 500 500 500 500 500 500 500 500 500 500 500 500 500 500 500 500 500 500 500 500 500 500 500 500 500 500 500 500 500 500 500 500 500 500 500 500 500 500 500 500 500 500 500 500 500 500 500 500 500 500 500 500 500 500 500 500 500 500 500 500 500 500 500 500 500 500 500 500 500 500 500 500 500 500 500 500 500 500 500 500 500 500 500 500 500 
500 100 500 500 200 500 100 600 200 100 100 100 100 500 200 600 200 200 200 200 200 200 200 100 100 100 106 100 500 500 500 200 500 200 200 200 100 200 200 100 100 600 200 100 600 200 200 200 200 100 200 400 200 200 500 100 200 200 200 100 200 200 200 200 200 200 200 500 100 100 500 500 500 200 200 200 100 500 500 200 200 200 200 200 500 100 100 200 200 500 200 200 200 100 100 100 600 100 500 500 
500 500 500 500 500 500 600 100 100 200 600 500 500 600 600 200 200 200 200 200 200 200 200 200 500 100 100 500 500 500 500 200 200 200 200 200 300 200 300 300 300 100 100 100 100 200 100 200 200 200 100 100 200 200 200 100 200 400 300 600 300 200 200 200 200 200 200 500 500 500 200 500 500 200 500 100 200 500 500 500 500 500 200 200 500 500 100 100 600 600 500 200 300 100 100 600 600 600 500 500 
500 200 200 200 500 500 600 600 600 600 600 600 600 600 100 200 200 200 200 200 200 200 200 200 200 500 100 100 500 500 300 300 200 200 400 400 300 300 600 200 100 200 100 600 100 600 100 200 200 300 100 100 100 200 200 200 400 300 300 300 200 200 200 200 200 200 200 500 500 500 500 500 500 300 500 500 500 500 500 500 500 500 200 200 200 200 500 600 600 100 500 500 100 100 100 100 200 100 100 500 
500 200 200 500 500 200 200 602 100 600 100 600 200 100 100 100 200 200 200 200 200 200 200 200 500 500 100 100 100 300 301 200 600 500 500 500 200 600 600 600 100 100 300 300 600 600 100 200 200 200 300 600 200 200 200 400 300 300 600 500 200 500 400 200 200 200 500 500 500 500 500 500 500 500 500 500 500 500 500 500 500 500 200 200 200 200 200 600 100 100 500 500 100 100 300 200 200 200 600 500 
500 200 200 500 500 200 100 200 100 200 100 600 200 600 200 101 200 200 100 200 200 100 100 500 500 500 500 500 500 500 600 200 500 500 500 200 500 300 600 600 600 300 300 600 600 500 200 200 200 202 200 100 600 200 500 500 500 500 500 500 200 500 200 200 200 200 100 500 500 500 500 500 500 500 500 500 500 200 500 500 500 500 500 100 100 100 500 500 106 500 500 200 500 300 300 200 300 300 500 500 
500 200 100 500 200 100 100 100 200 200 100 100 600 600 200 200 200 200 200 200 200 500 500 500 200 500 500 500 500 100 200 200 200 200 200 500 500 300 200 600 600 100 100 300 300 202 300 200 200 500 100 300 100 100 200 200 200 500 500 500 500 200 200 100 100 100 500 500 500 500 500 500 500 100 100 100 200 200 500 500 500 500 500 100 100 100 100 500 500 500 500 500 500 300 301 100 100 500 500 500 
500 200 200 200 101 100 100 100 200 200 100 602 600 106 100 200 200 200 200 300 500 200 500 200 500 100 500 500 500 200 200 200 500 300 500 100 100 200 200 300 600 100 300 300 100 300 300 100 100 500 600 100 100 600 600 200 300 600 600 600 100 100 100 100 100 500 500 500 500 500 500 500 500 100 100 200 200 200 600 500 500 200 200 100 200 100 500 100 100 500 500 200 300 300 500 100 500 500 100 500 
500 200 200 200 100 400 300 200 200 200 405 100 100 100 300 500 200 200 100 300 200 200 200 500 100 100 100 200 200 100 100 100 100 600 300 100 100 100 100 300 200 400 300 100 300 300 100 400 100 100 100 100 600 200 200 300 600 100 600 100 100 100 100 100 400 100 500 500 500 500 500 500 100 500 500 500 200 600 600 500 600 200 300 300 100 500 200 500 500 400 200 300 100 300 400 500 500 500 200 500 
500 200 200 200 100 100 400 300 300 200 100 200 600 600 500 100 100 100 100 200 500 500 500 100 500 100 500 200 500 500 100 100 200 300 300 100 200 300 300 500 100 100 300 100 300 100 300 200 100 100 101 200 100 300 300 300 600 100 600 600 200 200 200 500 500 500 500 500 500 100 500 200 200 500 500 300 200 200 200 600 100 400 300 300 300 500 200 100 500 300 300 100 300 300 400 400 400 100 600 500 
500 200 200 200 100 100 100 300 300 100 200 600 600 400 300 300 100 100 100 100 100 500 200 200 200 600 500 200 500 100 100 100 200 300 100 200 100 300 500 100 100 300 300 100 100 100 200 200 100 100 200 200 300 301 300 300 100 200 100 200 200 200 200 300 300 500 500 100 100 100 200 200 200 500 500 300 200 200 602 400 400 500 400 500 600 600 300 500 500 200 300 300 300 301 300 400 100 100 600 500 
500 200 100 101 100 100 100 100 100 600 600 200 600 300 400 200 100 100 100 100 100 100 200 200 200 200 500 500 500 500 301 300 300 300 200 200 200 200 200 200 100 100 300 100 100 100 200 200 100 500 300 200 100 300 200 300 200 100 100 100 101 100 100 100 100 500 500 200 100 100 100 100 100 106 500 200 600 500 500 500 500 600 600 200 600 600 500 100 106 300 300 300 300 300 300 200 200 100 600 500 
500 500 100 500 100 100 600 100 500 600 200 600 600 600 600 300 400 100 100 200 100 100 300 602 200 200 500 500 500 300 300 300 200 200 200 200 200 200 200 500 100 500 100 300 100 200 200 200 100 100 300 100 300 300 400 200 200 100 100 100 300 100 100 100 100 300 200 300 100 100 300 300 500 500 200 200 500 500 500 500 200 200 600 100 200 200 500 100 300 200 300 100 100 600 200 200 200 200 100 500 
500 100 200 100 100 100 200 500 500 200 300 202 200 600 600 600 200 300 300 300 500 100 600 200 200 600 600 500 500 300 200 202 200 200 200 200 200 200 200 100 500 500 101 100 200 200 200 200 500 300 300 301 300 500 500 500 200 500 300 300 200 100 100 100 300 300 300 100 100 100 300 300 300 200 200 200 600 500 200 200 200 300 100 200 400 500 500 200 200 200 300 100 200 100 200 400 200 200 100 500 
500 100 100 500 100 500 100 300 200 200 300 300 300 600 600 500 100 200 300 400 100 600 200 200 200 600 500 500 500 200 200 100 200 200 200 200 200 200 600 500 200 100 100 100 200 202 200 200 200 400 300 300 304 500 500 500 200 500 300 200 400 100 200 300 100 300 100 100 100 100 200 200 300 500 202 100 100 600 200 200 200 300 200 200 500 200 200 200 200 200 100 500 600 100 300 300 300 300 600 500 
500 100 500 100 100 200 300 200 200 200 300 400 300 500 500 500 300 400 400 100 300 600 200 200 200 100 500 300 200 200 200 300 300 200 200 200 200 500 500 500 200 100 300 100 200 100 300 200 200 200 300 300 300 300 600 200 200 300 200 200 400 100 300 300 200 100 100 100 100 200 300 300 304 500 300 300 600 600 200 200 200 200 200 200 500 100 100 100 300 300 500 500 100 400 300 400 400 400 600 500 
500 200 300 200 200 200 600 300 200 300 300 400 500 500 200 400 100 600 100 100 100 600 600 600 600 200 200 200 200 200 200 200 600 600 500 200 200 100 100 100 100 100 300 600 600 500 300 300 300 300 300 300 300 100 100 200 200 100 300 300 300 100 100 200 100 100 100 200 200 200 200 300 400 300 600 600 600 600 600 200 200 100 600 300 300 300 100 100 300 500 500 500 300 300 300 400 400 100 100 500 
500 300 300 100 600 600 600 200 400 400 300 400 500 500 300 400 400 100 400 200 600 500 600 600 300 200 200 200 300 300 200 100 100 100 500 200 200 200 101 600 200 100 600 600 200 200 200 100 200 300 100 400 200 200 200 200 100 200 300 300 300 200 400 300 100 500 200 200 200 100 100 600 600 500 500 600 600 600 100 600 200 200 600 300 200 500 200 100 300 500 200 100 300 300 300 200 100 100 100 500 
500 200 100 100 200 200 200 200 100 400 300 300 300 300 300 300 100 100 300 600 200 200 600 400 300 100 100 600 300 300 300 200 100 200 200 200 200 100 100 100 600 600 600 600 600 300 100 600 600 600 400 400 301 300 100 200 200 400 300 600 300 200 100 100 300 100 200 100 300 100 100 600 300 200 200 600 600 100 100 200 300 300 600 600 600 500 200 200 100 500 500 100 100 300 200 200 100 300 300 500 
500 100 100 200 200 200 200 300 200 300 300 300 300 300 100 300 300 300 300 600 200 200 400 400 100 200 600 600 100 300 300 200 200 200 200 400 500 200 100 200 500 500 600 600 200 200 100 600 500 100 100 400 300 500 200 500 500 500 500 300 300 300 100 100 100 100 400 300 100 100 600 600 300 200 200 600 100 100 200 300 500 500 600 600 600 200 200 200 500 500 100 100 200 200 200 200 200 300 300 500 
500 200 200 100 200 200 300 300 300 400 300 100 300 100 100 300 300 200 300 600 200 202 100 100 100 200 600 100 600 300 200 100 500 200 200 300 200 200 500 200 500 100 200 200 200 100 600 500 500 200 500 100 500 100 200 400 500 500 500 500 300 300 100 600 600 600 300 300 100 600 200 200 200 200 300 300 100 200 200 500 100 500 600 600 600 200 200 100 300 500 500 200 500 500 500 200 300 300 500 500 
500 200 200 100 600 301 300 300 300 200 100 100 300 100 100 300 200 100 100 300 300 400 100 100 100 500 600 500 600 100 200 100 200 200 200 300 200 200 600 600 600 200 200 200 600 300 100 100 600 200 500 100 100 200 400 200 200 200 500 500 200 100 200 200 200 100 100 100 100 300 200 200 200 200 300 400 300 200 600 600 600 600 600 600 101 200 200 200 200 500 500 500 200 200 500 200 200 200 300 500 
500 100 600 600 200 600 300 300 500 100 500 100 100 100 100 100 100 400 200 300 300 400 200 500 100 500 500 300 100 200 300 100 300 200 200 300 200 100 100 100 100 600 600 100 300 106 300 600 600 500 500 200 200 600 600 200 200 100 500 500 200 200 100 300 100 100 100 100 300 300 200 200 200 400 400 300 300 300 600 200 500 100 100 100 200 200 100 200 600 500 500 200 300 300 300 200 200 200 100 500 
500 100 300 600 600 600 600 500 500 100 500 500 100 100 100 100 100 100 100 400 300 300 200 100 100 300 300 500 200 300 301 200 300 300 300 300 100 100 100 106 600 600 600 600 300 300 300 300 400 600 600 200 600 600 500 500 500 100 100 200 500 500 500 300 300 300 300 300 300 300 200 200 400 600 600 600 100 100 200 100 300 600 600 200 300 200 300 500 500 500 500 500 300 300 500 300 200 100 500 500 
500 100 500 300 600 600 600 600 600 500 500 500 500 100 100 100 100 200 100 200 500 300 200 100 100 100 500 500 300 300 200 100 200 300 304 500 100 500 500 600 600 600 200 300 200 100 200 300 600 600 600 600 600 500 200 500 500 100 200 200 100 500 200 600 600 300 300 300 300 200 200 304 100 100 100 100 100 100 300 200 300 600 600 100 100 200 200 200 300 200 500 200 301 100 200 200 200 500 200 500 
500 500 100 600 600 600 600 400 500 500 100 500 500 100 100 200 200 200 200 200 200 400 400 500 100 100 300 304 300 500 100 100 200 300 300 300 100 500 600 600 600 600 300 400 300 200 200 600 600 300 600 600 200 500 500 600 200 300 300 300 101 200 200 600 200 200 300 300 300 300 106 300 300 100 100 100 200 200 300 200 200 200 200 500 300 300 100 300 100 200 200 200 200 200 200 200 500 500 500 500 
500 500 500 500 600 600 400 200 200 200 200 400 100 100 100 200 200 200 100 200 200 100 400 200 200 300 100 300 300 300 300 200 300 300 300 100 500 300 400 400 400 300 100 100 200 500 600 300 300 300 600 200 200 600 100 300 405 300 200 200 200 200 300 300 200 300 202 300 300 300 300 300 100 200 100 200 200 600 202 200 200 200 500 400 300 300 100 100 100 200 100 500 200 200 200 200 100 600 500 500 
500 500 500 500 300 300 200 200 200 200 200 100 100 200 200 100 300 300 300 100 100 400 100 100 400 100 300 300 100 100 200 300 301 300 300 300 300 300 300 400 400 100 100 300 300 500 300 301 300 600 200 200 200 200 200 400 100 400 300 200 200 300 300 100 600 200 200 500 500 500 100 100 200 500 500 200 200 600 200 500 500 100 100 100 100 100 100 100 100 100 400 300 100 300 300 100 101 100 500 500 
500 200 200 500 100 200 500 200 200 202 200 200 300 100 100 100 300 300 100 100 500 100 100 100 400 300 300 100 106 200 200 400 300 200 200 100 300 300 300 300 100 300 300 300 200 500 500 304 100 300 200 200 200 200 200 100 100 400 300 300 300 300 100 100 300 200 200 200 500 500 100 200 200 300 200 200 500 500 500 200 500 100 100 100 100 100 100 100 100 100 300 300 200 200 300 100 100 100 200 500 
500 200 200 500 200 500 500 100 100 100 200 200 600 600 200 100 400 300 500 500 500 500 200 200 100 100 100 300 300 200 300 400 400 200 200 200 300 300 300 400 300 600 200 300 500 500 500 300 400 400 300 100 200 600 600 300 100 300 300 400 600 300 100 300 200 200 200 500 500 100 200 200 200 200 200 300 300 300 100 100 101 100 100 100 400 100 300 300 100 500 200 200 300 200 300 100 200 200 200 500 
500 200 500 200 500 500 200 300 100 100 600 200 600 600 300 300 500 500 500 500 300 200 300 600 100 100 100 300 300 300 400 500 300 200 200 200 200 300 300 405 300 200 300 500 500 500 100 100 300 300 300 200 600 600 200 600 300 500 500 200 500 500 300 300 200 200 300 101 100 100 200 200 200 200 600 300 300 100 100 100 100 100 100 100 100 300 300 300 100 300 200 400 200 200 200 200 200 200 200 500 
500 202 200 100 500 500 300 300 100 100 300 300 600 300 301 500 500 500 500 600 300 300 300 200 200 200 200 300 300 200 600 300 300 200 600 600 600 300 200 300 200 200 200 500 200 500 500 100 300 300 300 200 100 200 600 500 500 500 500 500 500 200 500 500 500 200 200 100 100 100 200 200 200 500 500 500 500 500 200 300 300 300 100 100 500 300 300 300 100 600 300 200 200 100 600 500 500 500 500 500 
500 200 200 200 500 500 100 100 101 100 304 300 200 200 100 100 500 500 500 100 300 300 100 200 200 200 200 100 600 600 600 300 300 600 600 600 500 200 300 100 200 200 500 500 500 500 100 100 300 200 300 300 100 100 500 500 500 500 500 300 200 200 500 400 600 200 100 100 100 100 500 500 500 200 500 600 300 200 500 500 500 100 500 500 300 300 300 600 600 600 200 200 100 300 600 400 300 500 200 500 
500 200 200 400 500 200 200 100 100 200 200 200 200 200 200 500 500 200 300 100 300 100 100 100 300 500 500 500 500 600 301 300 300 600 600 200 200 200 300 200 200 300 300 500 500 500 200 200 500 500 300 100 300 500 500 500 500 300 300 300 200 200 600 600 600 200 200 300 100 500 500 100 200 600 600 600 300 100 500 500 100 100 500 500 200 600 600 600 100 200 200 100 100 100 600 200 300 200 200 500 
500 200 300 300 100 300 200 200 200 200 200 200 200 200 200 500 500 100 200 100 100 100 100 600 300 200 300 500 200 500 300 300 300 300 200 200 200 200 300 200 300 300 600 300 300 300 300 300 300 500 100 300 300 300 300 300 300 300 500 300 200 600 200 600 600 200 200 100 100 500 100 200 100 100 600 300 300 500 300 300 500 500 500 500 600 100 600 100 100 100 100 100 100 100 600 600 200 200 600 500 
500 200 300 100 100 300 101 100 200 200 200 300 300 300 300 500 500 200 200 100 100 300 200 200 200 300 500 500 500 600 300 200 300 300 600 600 200 200 600 300 100 100 300 300 300 300 300 300 200 100 100 200 300 300 300 600 600 100 200 200 200 200 600 600 200 200 200 600 600 200 200 200 100 100 300 300 400 200 300 100 200 400 500 500 100 100 100 600 200 100 100 100 600 400 600 500 200 200 300 500 
500 200 300 300 300 100 100 300 200 200 200 300 300 100 200 500 200 200 100 100 300 300 100 200 300 300 100 100 300 300 300 300 300 600 600 600 200 200 600 600 600 300 300 400 400 300 300 300 600 500 500 100 200 202 100 600 100 200 300 200 200 200 600 100 200 200 200 600 200 200 100 500 100 100 100 600 100 600 100 202 100 400 500 500 200 100 100 100 100 100 600 200 300 500 500 500 600 300 300 500 
500 200 300 100 300 300 106 500 500 200 500 300 300 200 500 500 500 100 200 200 300 100 600 600 300 300 100 200 300 304 600 600 400 300 300 300 200 100 600 600 600 100 600 200 300 300 300 500 600 600 100 200 200 600 600 100 100 200 300 100 200 100 100 100 600 600 400 200 200 500 500 100 100 100 100 200 200 100 300 100 100 200 200 600 200 100 200 300 400 200 500 300 300 200 200 200 100 300 400 500 
500 200 100 300 300 300 500 500 500 500 200 100 300 100 100 500 100 100 500 200 500 600 600 600 300 200 200 100 300 300 600 600 600 100 100 300 300 300 600 600 600 100 100 200 300 300 300 200 500 600 600 300 200 200 100 100 100 200 200 200 200 300 600 600 100 100 400 200 300 300 100 100 500 500 500 600 100 200 100 100 100 100 600 600 600 200 200 300 100 400 400 200 200 200 300 300 300 300 400 500 
500 100 100 200 200 300 200 500 500 200 200 100 600 100 200 500 100 500 500 100 200 600 600 200 200 200 100 300 300 300 500 200 200 600 500 400 200 200 600 600 600 300 100 400 202 200 300 300 500 500 600 600 200 600 600 100 100 100 300 200 300 100 100 100 100 300 202 200 200 400 600 600 600 600 100 100 200 200 100 400 400 600 600 600 500 200 200 300 100 300 300 400 100 300 300 300 200 300 400 500 
500 100 100 600 300 600 300 300 200 300 200 200 300 500 300 200 100 100 500 100 500 100 500 200 300 200 200 200 300 100 200 200 200 100 200 500 200 300 602 600 600 300 300 200 100 100 100 100 100 500 600 600 600 600 100 100 100 100 200 100 100 200 100 300 300 600 200 200 300 400 300 300 500 500 300 200 100 300 200 600 100 602 100 500 500 100 100 100 301 300 300 300 100 400 400 300 200 300 600 500 
500 100 600 500 500 600 300 300 300 300 200 100 300 300 300 200 200 200 200 200 600 300 300 200 200 200 200 200 100 106 202 200 200 200 500 500 500 300 100 200 200 300 200 200 200 200 200 100 600 200 500 100 100 600 100 300 100 500 500 400 600 600 100 300 100 200 200 200 300 200 100 100 500 500 500 100 500 200 200 100 600 300 100 500 500 100 100 300 300 600 602 202 300 300 300 200 200 200 600 500 
500 100 200 600 600 600 300 300 300 100 300 300 300 200 200 200 200 200 200 200 100 300 200 200 200 200 200 200 100 100 500 200 200 200 200 200 500 100 200 200 200 200 200 200 200 200 200 600 600 500 500 500 300 300 100 300 200 400 300 300 600 100 600 100 600 600 600 300 100 300 200 300 500 500 100 200 200 200 200 200 600 600 300 500 500 500 100 100 100 400 100 300 300 100 100 300 200 100 600 500 
500 300 600 200 600 200 200 300 100 100 400 600 600 600 500 500 500 500 200 100 600 300 300 300 300 300 100 100 300 500 500 200 200 200 200 200 200 100 100 101 600 200 200 200 200 200 200 600 600 600 300 300 200 106 200 200 300 200 200 300 100 100 100 600 100 100 600 100 300 300 300 400 300 400 400 200 200 200 200 200 200 300 300 500 500 106 100 100 300 400 400 400 100 100 100 300 200 100 400 500 
500 200 200 300 600 100 300 301 200 300 600 600 500 500 500 200 500 500 100 200 500 500 300 300 300 100 300 300 500 500 100 500 200 500 200 200 200 600 600 600 200 600 200 200 200 300 300 600 200 600 100 200 200 100 200 300 200 300 300 200 200 405 200 200 200 200 304 300 300 300 300 400 400 403 400 100 200 600 600 200 300 300 400 500 500 100 100 600 200 500 300 300 600 500 100 100 100 300 300 500 
500 200 200 100 100 200 500 500 500 200 300 500 500 100 500 200 300 600 600 200 400 500 500 500 500 500 500 500 500 500 500 500 500 200 500 500 200 200 600 500 500 100 100 500 600 300 100 200 400 200 200 200 200 200 200 300 300 300 300 300 300 400 200 200 200 100 300 200 200 100 200 300 300 600 100 100 600 600 600 300 300 300 400 300 500 100 600 200 600 600 400 400 200 100 100 100 100 300 300 500 
500 200 200 300 300 300 500 500 500 200 200 600 100 100 100 100 300 300 200 301 200 500 500 500 500 500 500 500 500 500 500 100 200 200 500 500 300 200 200 500 500 500 500 500 500 600 200 400 200 200 200 200 200 200 200 200 200 200 301 200 300 200 200 200 100 500 500 100 100 100 300 300 600 600 600 600 600 600 200 300 100 200 400 100 500 500 200 200 200 200 100 200 100 100 500 400 300 300 300 500 
500 600 600 300 300 100 500 500 200 200 300 600 600 100 100 100 300 300 300 300 400 300 500 500 100 500 500 500 500 200 200 200 200 500 500 300 200 200 200 500 500 500 500 500 600 300 300 200 200 400 300 200 300 600 600 200 200 500 100 300 100 500 200 100 100 101 500 100 500 300 100 300 200 200 600 301 300 600 100 301 300 200 200 200 200 200 200 200 200 200 200 200 100 100 500 500 300 300 600 500 
500 600 600 300 300 600 500 500 100 300 300 200 500 500 200 500 200 100 100 300 200 200 200 500 500 600 300 202 300 200 200 200 600 600 300 200 200 200 100 500 500 300 400 500 500 500 300 200 200 600 100 300 600 600 600 200 200 100 600 600 600 600 100 100 100 100 500 500 500 500 500 200 200 600 500 500 200 200 200 300 300 200 300 200 200 200 200 200 200 200 200 200 500 500 500 500 300 300 500 500 
500 100 100 300 300 300 300 500 100 400 200 300 600 500 200 200 200 200 200 200 200 200 200 500 300 300 300 300 304 300 200 400 200 100 300 200 200 300 300 100 200 200 400 300 300 200 200 200 400 400 400 300 600 600 200 200 200 200 600 600 600 600 100 100 100 500 500 200 500 500 500 400 400 200 200 200 500 300 300 200 200 600 600 200 200 200 200 200 200 200 200 200 200 500 500 400 300 500 500 500 
500 100 100 100 300 200 200 300 100 300 100 100 400 200 200 200 200 200 200 300 300 400 500 100 300 100 200 400 300 100 300 300 300 300 300 100 100 100 300 300 500 300 300 300 200 200 200 400 200 200 200 100 200 200 200 200 200 200 600 100 100 100 100 100 500 100 500 500 500 500 500 100 200 200 200 500 200 200 200 200 300 600 200 200 200 200 200 200 200 600 600 500 200 300 300 304 400 500 500 500 
500 200 100 100 200 200 200 600 600 600 300 100 300 100 300 200 200 200 300 100 300 100 100 100 100 100 300 200 300 300 600 600 100 300 100 300 100 200 200 200 400 300 200 300 200 500 200 200 200 200 100 100 100 100 100 200 200 500 100 100 200 300 100 500 100 100 100 500 500 500 500 500 200 400 400 200 200 200 200 200 200 200 200 200 200 100 500 200 200 200 600 300 400 304 300 300 400 100 100 500 
500 200 106 100 100 100 300 300 200 500 500 600 100 304 300 200 300 200 500 200 200 500 500 100 100 100 300 500 300 100 500 100 100 100 100 100 100 200 200 200 200 100 300 300 300 300 200 100 600 600 300 300 300 300 600 200 600 500 500 600 200 200 200 500 100 500 100 300 300 500 500 500 500 100 300 400 100 300 200 200 300 600 200 200 100 500 500 500 200 200 600 200 200 200 100 500 500 500 100 500 
500 200 300 300 100 100 100 300 300 600 600 100 600 600 200 300 300 100 200 200 200 200 300 300 100 100 602 300 100 500 500 100 100 100 300 100 100 300 200 400 200 100 300 400 300 200 200 100 100 300 300 100 200 300 304 300 100 500 100 200 100 200 200 500 200 300 100 300 300 500 500 200 500 300 300 400 400 200 500 500 300 200 600 100 500 100 100 500 600 200 600 600 200 300 200 300 400 100 100 500 
500 300 100 100 100 100 300 301 600 600 600 600 200 200 200 100 100 200 200 200 200 200 600 200 200 500 600 301 100 500 500 500 300 200 300 300 100 602 600 200 400 400 400 300 200 200 200 100 300 300 300 100 300 300 200 500 100 100 100 100 100 500 500 500 500 500 200 200 200 100 500 500 500 200 300 300 200 500 500 500 600 200 600 200 300 100 400 300 600 600 600 600 200 200 100 200 300 100 200 500 
500 100 100 100 100 500 500 300 600 600 600 400 200 200 200 100 100 100 200 200 200 600 600 300 500 100 600 200 200 500 500 500 500 500 100 100 100 100 600 600 400 400 400 200 300 400 200 300 600 600 300 300 300 200 200 100 100 100 300 300 500 500 500 500 500 500 500 200 202 300 500 500 200 100 100 300 200 100 100 500 500 500 600 600 300 300 300 300 600 600 600 600 200 300 500 500 100 100 300 500 
500 600 100 400 403 500 500 101 602 600 300 300 100 200 200 200 100 300 200 100 100 600 300 300 100 100 100 200 100 100 500 500 200 500 500 200 600 100 600 100 400 400 300 200 300 300 200 300 200 600 600 200 300 300 100 100 100 300 300 300 300 500 200 300 300 500 500 500 100 300 100 200 200 200 100 100 200 200 500 500 500 600 200 600 300 300 100 300 200 600 100 300 200 300 500 500 100 100 300 500 
500 100 400 100 400 300 600 600 100 300 200 300 200 200 200 100 400 200 200 600 600 300 300 500 100 100 300 200 500 100 100 200 300 500 400 100 200 600 100 101 400 200 300 300 300 300 500 300 600 600 600 600 600 200 100 100 300 300 300 300 300 200 300 100 500 500 500 500 200 300 200 200 500 500 300 300 300 500 500 500 500 200 200 600 200 600 300 200 200 100 100 300 200 500 200 200 100 100 100 500 
500 100 100 300 600 600 600 600 100 100 300 200 200 200 200 600 200 200 200 200 500 100 500 500 500 200 300 300 100 100 100 300 300 300 500 100 300 300 300 200 200 300 100 400 400 600 600 600 600 600 600 600 100 600 300 200 200 400 100 100 100 300 301 400 100 500 500 500 500 100 100 200 500 100 400 300 500 500 500 500 200 500 300 602 600 500 200 200 500 100 100 400 300 300 200 100 100 100 200 500 
500 100 100 100 600 500 500 300 100 100 300 300 200 200 300 200 200 200 200 200 100 500 500 500 200 500 500 600 100 100 200 200 100 200 500 300 300 300 300 300 300 200 400 200 602 600 600 600 500 500 200 600 100 300 200 500 500 200 100 100 100 300 200 200 100 200 200 500 500 500 100 200 600 600 300 500 200 300 500 500 100 300 300 200 500 200 200 500 500 100 300 300 400 600 600 100 100 200 200 500 
500 200 300 200 600 500 500 500 100 300 300 200 500 500 500 100 200 200 100 200 500 500 500 100 200 500 500 100 100 100 300 200 200 500 400 100 300 300 200 200 200 200 400 600 100 100 600 300 100 100 200 100 300 100 500 500 500 100 100 500 400 200 200 300 500 200 100 200 200 100 300 300 300 200 200 200 200 100 500 500 100 300 200 202 100 500 500 100 500 300 300 600 600 200 600 600 300 200 500 500 
500 100 100 600 600 500 200 500 300 300 200 400 100 200 100 100 100 200 100 600 600 200 500 500 100 500 200 200 600 100 600 100 300 100 400 200 300 300 200 200 200 500 300 100 100 100 600 301 100 100 100 300 100 200 100 100 500 500 500 100 100 200 500 500 500 100 200 200 200 200 200 200 200 200 200 200 400 200 300 500 300 200 200 200 500 500 500 300 200 200 100 100 200 200 300 300 100 300 500 500 
500 200 200 200 600 500 500 300 200 300 300 100 400 400 300 100 500 300 100 600 600 200 100 300 300 300 200 600 100 600 500 500 100 200 200 100 300 200 200 200 100 100 200 200 200 600 600 200 100 100 100 100 100 100 100 300 300 500 500 100 100 200 500 200 100 200 100 200 200 200 200 200 200 600 500 200 100 500 100 100 300 200 200 200 600 500 500 600 300 200 200 100 200 300 300 300 300 500 500 500 
500 200 200 200 200 100 600 301 300 300 101 200 100 400 300 200 300 100 100 300 300 300 300 300 300 100 200 200 100 300 600 300 400 400 400 200 300 200 200 200 100 100 100 100 300 300 200 500 200 200 200 200 400 200 200 200 500 500 500 100 100 300 200 100 100 100 200 200 200 300 300 600 300 300 600 200 200 200 300 400 300 200 200 100 500 500 600 600 200 200 100 100 600 600 300 100 600 200 500 500 
500 200 200 200 200 200 100 100 300 300 100 100 300 300 100 200 301 300 200 300 300 300 300 200 100 100 200 200 200 200 200 300 400 400 400 600 600 300 202 500 500 100 100 100 100 300 500 500 200 200 200 200 200 200 200 200 200 500 500 100 100 100 200 100 100 500 500 200 500 500 600 600 200 300 600 200 200 200 100 300 100 200 200 100 500 500 600 100 100 101 100 100 600 600 100 100 600 100 100 500 
500 200 200 200 200 200 100 100 300 300 100 200 200 200 100 100 300 200 200 300 301 300 100 200 300 100 200 200 200 400 300 100 100 300 600 600 600 600 600 500 500 100 100 100 400 500 500 600 200 100 200 300 400 200 200 100 500 500 500 300 300 300 300 100 200 200 200 500 100 500 100 100 100 100 200 200 200 300 300 300 100 100 100 200 500 500 600 100 100 600 600 100 600 600 600 300 100 200 600 500 
500 100 200 200 200 200 100 400 200 300 300 200 200 100 300 300 200 200 300 300 100 100 100 100 300 600 600 200 200 400 400 100 100 200 200 100 100 600 600 600 100 100 200 100 100 400 403 200 300 300 100 301 300 300 100 200 600 600 600 500 400 300 100 100 200 200 100 500 100 500 600 100 100 200 200 200 300 300 300 300 300 600 100 100 200 200 100 100 600 600 600 600 600 500 600 100 100 200 200 500 
500 200 100 200 200 600 600 200 200 300 300 200 200 200 200 200 200 600 602 600 600 600 100 300 600 600 600 200 300 400 200 300 300 200 200 100 100 600 600 200 100 100 100 200 100 300 300 200 602 300 200 300 500 500 500 600 600 600 100 600 600 300 100 100 200 200 200 200 500 600 300 100 300 200 200 100 100 100 300 200 600 600 600 500 200 200 200 200 600 600 600 600 500 500 600 600 300 300 200 500 
500 200 200 200 100 500 200 600 600 600 300 200 100 100 100 200 200 600 600 600 100 600 600 600 600 600 300 300 300 300 304 300 300 200 300 300 600 100 600 600 300 300 101 300 300 300 300 301 600 200 600 600 500 500 500 600 600 600 600 600 600 300 100 600 600 200 200 200 200 500 500 100 200 200 200 500 100 100 100 100 600 600 600 600 200 200 200 300 300 100 600 100 600 600 600 200 100 200 200 500 
500 200 200 200 200 200 200 600 500 500 500 500 100 100 200 200 200 600 600 600 200 200 600 300 300 300 300 300 300 300 300 200 300 200 300 200 100 200 300 300 300 100 100 400 300 300 300 600 600 600 200 500 500 600 600 600 600 300 100 600 600 600 600 600 600 200 200 200 200 200 100 100 200 200 300 500 100 500 100 200 200 600 600 600 200 500 500 300 100 300 100 600 300 600 600 200 200 200 600 500 
500 100 100 200 602 200 200 600 100 500 200 500 500 200 200 106 300 200 600 200 200 600 600 600 300 300 301 304 100 100 200 100 200 300 300 300 300 300 300 300 200 200 400 600 200 200 200 500 500 500 500 500 600 600 600 600 300 300 100 100 600 600 600 600 600 300 300 100 100 100 100 200 600 100 100 100 100 100 100 100 200 600 600 600 500 500 500 300 100 100 300 300 200 600 600 500 200 100 100 500 
500 600 600 200 600 200 300 500 500 200 500 500 100 200 106 300 300 301 500 200 200 200 600 600 600 300 100 100 100 100 100 300 200 200 300 300 300 300 301 200 202 100 300 600 200 200 500 500 100 500 500 600 600 600 600 600 600 300 300 500 300 600 200 200 300 500 500 300 100 100 100 100 100 101 100 100 200 100 100 100 200 200 100 600 500 200 200 500 400 200 400 600 200 600 500 500 100 100 500 500 
500 100 200 500 300 300 200 100 200 200 100 500 500 100 300 400 300 100 200 200 200 500 602 100 100 100 100 300 200 200 300 300 200 200 301 300 300 600 200 200 100 100 400 600 200 200 500 500 500 500 100 600 600 600 600 500 200 200 200 300 100 300 200 500 200 500 500 300 100 100 100 100 100 100 100 300 300 300 100 100 100 101 100 100 600 200 500 500 200 300 300 600 600 600 600 600 500 200 200 500 
500 100 400 300 300 300 100 100 200 100 300 500 200 300 300 400 100 100 100 500 500 100 600 200 200 200 300 200 200 400 300 300 300 200 300 300 600 500 500 200 100 100 400 200 200 200 300 500 100 100 100 100 300 100 300 600 200 600 600 200 200 200 200 200 200 300 300 100 100 200 200 200 200 300 300 300 300 200 300 100 200 100 100 600 200 500 500 500 200 600 100 600 600 600 600 600 200 200 200 500 
500 100 405 300 300 400 100 100 100 100 200 500 500 500 400 400 300 200 100 500 100 100 100 100 100 200 200 200 100 100 300 300 600 600 300 300 300 500 500 100 100 100 300 500 304 200 200 500 200 600 100 100 300 300 300 600 500 600 200 200 200 200 200 200 300 300 200 100 100 200 500 200 300 300 300 300 200 300 500 100 200 300 300 300 500 500 500 300 300 300 600 600 600 600 600 600 200 200 100 500 
500 300 400 300 300 500 100 100 500 200 200 500 100 500 400 300 200 100 100 100 100 100 600 600 200 500 200 500 100 200 100 600 600 600 100 200 200 300 300 100 100 100 100 100 100 100 500 500 200 300 101 100 300 300 600 600 100 600 600 300 200 100 200 100 100 500 300 300 100 300 200 202 300 400 200 200 500 500 500 500 300 300 200 500 500 200 500 500 200 200 400 200 200 600 600 600 200 200 200 500 
500 100 100 200 200 300 300 200 200 200 500 100 500 300 400 400 100 100 600 600 300 600 200 200 500 500 500 500 200 200 200 300 600 300 100 300 300 300 100 100 100 100 100 500 100 200 500 500 600 600 100 100 100 400 400 300 200 602 300 200 100 100 500 100 100 500 500 100 100 600 200 200 202 400 300 300 500 500 500 300 300 200 200 500 500 500 500 200 300 100 300 200 600 600 600 600 200 200 200 500 
500 100 200 200 300 300 300 300 500 200 200 100 500 600 100 100 600 600 300 300 500 300 600 300 300 300 300 300 300 200 200 600 200 400 100 300 301 200 200 100 100 100 100 200 500 500 600 600 200 600 600 100 100 400 400 300 300 600 400 200 400 600 600 100 100 200 500 500 500 600 400 400 300 300 100 100 300 500 200 200 300 200 200 100 500 500 200 200 200 200 400 100 200 600 600 600 200 200 100 500 
500 200 200 300 300 300 300 301 300 200 500 100 600 100 100 600 100 200 300 500 300 300 200 300 600 200 300 300 100 100 600 300 300 100 300 300 200 200 200 200 200 100 100 100 100 300 300 300 300 600 300 600 100 100 300 200 300 300 405 200 600 600 600 300 200 200 500 500 500 600 602 200 300 100 100 100 100 100 200 300 300 200 200 300 300 200 200 200 200 400 300 300 600 600 600 600 200 200 200 500 
500 200 100 100 300 100 100 300 300 200 304 100 400 300 300 100 200 200 202 200 600 200 500 600 200 200 200 100 300 300 300 300 300 200 200 400 300 200 200 200 200 500 100 600 100 100 300 100 100 200 300 400 100 300 500 300 200 300 200 600 100 300 300 600 200 200 300 200 600 600 600 600 100 100 100 100 100 600 300 500 200 200 200 100 200 100 100 100 200 100 500 500 300 600 600 200 300 200 200 500 
500 101 100 200 200 100 100 100 400 300 300 400 400 200 300 200 100 200 200 300 300 600 600 200 200 200 100 600 100 300 300 100 200 500 600 600 100 500 200 200 500 500 500 400 400 400 100 100 100 600 600 600 300 200 500 300 300 100 600 100 300 300 300 300 300 200 200 200 600 600 600 200 100 300 100 100 400 400 500 500 200 200 300 500 100 100 100 100 100 500 500 100 100 300 600 300 200 200 200 500 
500 200 500 100 100 100 100 100 200 300 400 400 400 400 300 300 300 202 200 600 100 600 600 200 200 600 100 100 600 600 300 100 500 600 100 600 106 100 100 500 500 500 100 100 400 100 100 200 600 600 600 300 300 500 500 500 400 400 600 200 300 100 300 100 600 600 300 100 100 100 200 301 200 300 200 200 200 200 200 200 200 400 300 500 500 100 100 100 100 100 100 100 100 600 200 300 200 200 200 500 
500 500 500 100 100 200 200 300 300 300 300 600 400 400 300 600 600 200 200 400 100 300 600 600 200 200 100 600 600 300 300 600 600 600 100 200 100 100 106 500 500 100 100 100 100 400 200 200 500 600 300 200 500 500 500 200 600 600 600 100 300 100 600 100 600 600 200 200 100 200 200 400 200 300 200 200 300 300 200 300 300 100 400 100 300 100 100 100 100 200 100 200 100 300 300 100 100 100 200 500 
500 100 200 100 100 200 300 200 300 300 100 200 300 300 200 300 100 200 200 300 300 300 300 400 200 200 200 100 400 300 200 300 600 100 100 200 300 100 300 500 100 100 200 200 200 200 200 200 200 200 200 200 500 100 100 400 600 600 600 300 100 500 300 600 200 200 200 100 100 500 500 500 300 300 200 200 500 100 100 100 200 200 200 100 600 100 100 106 400 600 500 500 100 300 300 500 500 100 300 500 
500 200 500 500 100 300 100 300 300 100 100 100 100 100 301 200 301 200 200 400 200 200 300 300 200 100 300 600 100 100 300 100 100 100 600 200 300 300 400 200 200 200 200 300 300 300 200 300 300 200 200 200 500 500 400 405 202 200 200 300 500 500 300 400 200 300 100 100 500 200 500 500 300 200 200 200 100 100 200 200 200 100 500 600 100 600 301 200 400 300 400 200 200 200 200 100 100 100 200 500 
500 100 200 200 500 106 300 200 100 300 300 300 400 300 200 300 600 300 300 300 200 200 100 300 300 500 200 200 100 304 300 600 100 100 300 200 300 100 600 600 200 200 100 600 600 100 600 300 200 300 300 500 500 500 500 200 200 200 200 200 300 300 300 400 300 200 100 100 500 500 500 300 300 100 200 300 300 200 200 100 100 100 100 100 200 200 300 202 300 400 300 300 300 200 100 100 300 300 301 500 
500 100 200 500 200 200 200 200 300 300 300 300 400 300 200 200 300 600 600 300 200 300 100 300 200 200 200 200 100 200 200 300 300 100 100 100 100 400 300 600 600 100 100 600 600 600 600 200 200 300 300 100 300 300 500 300 400 400 200 200 300 200 200 300 100 300 200 600 500 500 200 500 500 500 200 200 200 200 200 100 100 100 100 300 200 100 200 200 400 600 300 200 200 200 100 101 100 100 200 500 
500 200 600 400 200 200 200 100 100 300 300 304 100 200 200 200 600 602 600 600 600 500 300 300 200 200 400 300 200 600 200 300 200 300 300 600 600 300 300 200 600 200 100 600 600 600 500 200 200 200 200 300 300 300 500 100 400 300 200 300 300 500 200 300 100 200 600 500 500 500 500 500 500 500 300 300 100 100 100 100 100 300 400 200 100 100 300 600 500 500 600 600 200 200 300 100 100 300 500 500 
500 100 600 200 200 200 100 100 300 300 300 200 200 200 200 100 300 600 600 600 600 200 200 200 300 100 300 300 600 600 300 300 300 200 500 200 600 301 100 300 600 600 600 100 500 500 500 200 200 200 300 200 400 300 100 200 300 300 300 100 300 300 500 100 100 200 300 600 500 600 600 500 500 500 500 400 400 100 106 100 100 200 200 200 600 100 100 100 500 300 200 200 300 300 300 100 100 500 500 500 
500 200 200 200 200 600 600 300 300 300 200 100 100 100 100 400 400 200 400 600 200 600 600 300 300 600 300 200 500 400 600 600 200 400 500 500 500 100 100 100 200 100 200 600 600 600 500 500 200 100 300 200 200 100 200 200 400 200 300 300 301 106 500 200 100 200 200 500 500 500 500 500 500 200 400 300 202 100 300 202 200 200 500 500 600 300 300 200 300 300 400 100 300 300 400 400 500 500 500 500 
500 200 200 200 200 600 200 600 400 100 100 100 100 200 300 300 200 200 200 200 600 600 600 300 200 200 500 500 500 500 300 400 400 400 400 500 100 100 100 200 200 200 200 200 200 600 600 200 300 300 300 100 500 200 200 200 100 400 300 200 200 300 300 300 100 100 200 100 500 500 500 500 500 200 300 200 100 100 500 200 200 100 100 100 600 300 200 200 300 400 300 300 400 300 200 400 100 300 300 500 
500 200 200 100 200 200 200 100 100 300 100 100 100 200 200 200 200 200 200 600 200 100 300 200 600 100 500 500 500 300 300 300 400 400 500 100 500 100 200 100 300 200 200 200 200 100 600 600 200 300 100 100 600 200 200 400 400 200 200 200 200 304 300 300 100 300 300 300 600 500 500 500 500 200 300 300 600 600 600 300 400 100 100 100 600 200 200 200 400 200 200 300 200 200 200 200 200 100 200 500 
500 100 100 200 200 200 600 500 500 200 100 100 100 200 200 300 600 200 100 200 600 300 100 300 600 600 600 600 600 300 200 300 200 300 600 600 600 600 100 400 200 200 600 600 600 600 600 600 100 100 100 600 600 600 200 400 200 200 300 400 600 200 300 300 300 500 300 600 300 600 500 100 500 500 300 300 200 400 400 100 100 500 100 200 200 100 100 200 100 200 200 100 200 200 200 200 300 300 200 500 
500 100 100 100 200 600 600 500 500 400 400 100 300 100 300 200 200 100 600 600 100 100 300 300 200 600 600 600 600 600 300 200 200 600 500 100 600 100 500 500 500 100 600 600 600 600 600 100 200 200 500 600 600 600 400 100 100 100 100 400 400 300 200 200 100 300 300 100 200 200 500 200 500 500 300 300 100 400 400 500 500 100 100 200 200 100 200 100 200 200 200 200 200 600 600 200 300 200 500 500 
500 100 300 300 100 100 400 400 200 200 200 300 400 200 200 100 100 300 300 100 100 100 300 100 602 600 600 600 600 300 600 100 600 600 200 500 500 100 100 100 100 100 600 600 600 600 600 500 200 200 600 600 600 500 500 300 100 200 200 200 200 200 200 200 300 500 300 300 200 200 200 200 200 200 300 400 400 300 405 400 100 100 200 600 600 200 200 200 300 300 300 300 100 100 100 100 300 300 500 500 
500 200 300 300 300 100 300 300 200 200 300 400 100 600 301 100 500 100 100 100 100 600 600 200 600 600 600 200 200 400 600 600 600 200 600 500 500 100 100 100 100 100 600 600 600 500 500 200 100 100 100 600 200 500 500 100 500 200 200 200 200 200 200 200 600 602 400 600 200 200 200 200 200 200 200 100 300 300 400 100 100 100 100 400 300 300 400 100 200 300 300 304 600 600 600 300 300 200 500 500 
500 500 300 304 500 300 300 400 200 200 100 300 600 200 200 500 500 100 500 100 100 100 100 600 200 200 200 200 200 300 600 600 600 600 600 600 600 100 101 100 100 100 600 600 200 200 500 500 300 100 100 100 600 300 500 500 300 300 300 300 200 200 200 200 600 600 500 200 200 200 200 200 200 200 200 300 100 100 100 400 100 100 400 300 500 300 200 200 200 300 300 300 600 600 600 600 200 300 600 500 
500 100 100 500 200 600 600 600 600 600 600 300 200 200 500 200 200 500 100 100 100 101 600 400 300 200 200 200 300 300 200 600 100 600 600 600 200 100 200 100 600 600 600 300 200 100 500 500 600 200 100 100 100 300 500 500 100 300 200 300 200 200 200 200 200 600 600 600 200 200 200 200 200 200 300 100 100 100 500 500 500 100 500 500 500 600 200 200 600 100 600 300 600 600 600 500 500 100 600 500 
500 100 100 500 500 500 600 500 100 600 300 600 600 600 600 200 200 202 100 100 100 100 600 600 200 200 200 300 300 100 200 200 100 400 600 600 600 600 600 600 300 300 300 100 200 300 300 200 500 100 100 400 100 500 300 300 200 200 200 100 500 200 200 300 100 500 300 300 200 300 200 200 200 200 300 300 101 300 200 200 600 100 100 100 500 600 600 600 100 600 500 600 600 200 500 100 500 300 600 500 
500 500 500 500 500 500 500 500 500 500 500 500 500 500 500 500 500 500 500 500 500 500 500 500 500 500 500 500 500 500 500 500 500 500 500 500 500 500 500 500 500 500 500 500 500 500 500 500 500 500 500 500 500 500 500 500 500 500 500 500 500 500 500 500 500 500 500 500 500 500 500 500 500 500 500 500 500 500 500 500 500 500 500 500 500 500 500 500 500 500 500 500 500 500 500 500 500 500 500 500 
=
0 0 0 0 0 0 0 0 0 0 0 0 0 0 0 0 0 0 0 0 0 0 0 0 0 0 0 0 0 0 0 0 0 0 0 0 0 0 0 0 0 0 0 0 0 0 0 0 0 0 0 0 0 0 0 0 0 0 0 0 0 0 0 0 0 0 0 0 0 0 0 0 0 0 0 0 0 0 0 0 0 0 0 0 0 0 0 0 0 0 0 0 0 0 0 0 0 0 0 0 
0 0 0 0 0 0 0 0 0 0 0 0 0 0 0 0 0 0 0 0 0 0 0 0 0 0 0 0 0 0 0 0 0 0 0 0 0 0 0 0 0 0 0 0 0 0 0 0 0 0 0 0 0 0 0 0 0 0 0 0 0 0 0 0 0 0 0 0 0 0 0 0 0 0 0 0 0 0 0 0 0 0 0 0 0 0 0 0 0 0 0 0 0 0 0 0 0 0 0 0 
0 0 0 0 0 0 0 150 0 154 0 0 0 0 0 0 0 0 0 0 0 0 0 0 0 0 0 0 0 0 0 0 0 0 0 0 0 0 0 0 0 0 0 0 0 0 0 0 0 0 0 0 0 0 0 0 0 0 0 0 0 0 0 0 0 0 0 0 0 0 0 0 0 0 0 0 0 0 0 0 0 0 0 0 0 0 0 0 0 0 0 0 0 0 0 0 0 0 0 0 
0 0 104 203 0 0 0 0 0 0 0 0 0 0 0 0 0 0 0 0 0 0 0 0 0 0 0 0 0 0 0 0 0 0 0 0 0 0 0 0 0 0 0 0 0 0 0 0 0 0 0 0 0 0 0 0 0 0 0 0 0 0 0 0 0 0 0 0 0 0 0 0 0 0 0 0 0 0 0 0 0 0 0 0 0 0 0 0 0 0 0 0 0 0 0 0 0 0 0 0 
0 0 0 0 202 104 0 150 0 150 0 150 0 0 0 0 0 0 0 0 0 0 0 0 0 0 0 0 0 0 0 0 0 0 0 0 0 0 0 0 0 0 0 0 0 0 0 0 0 0 0 0 0 0 0 0 0 0 0 0 0 0 0 0 0 0 0 0 0 0 0 0 0 0 0 0 0 0 0 0 0 0 0 0 0 0 0 0 0 0 0 0 0 0 0 0 0 0 0 0 
0 0 0 0 0 301 250 0 0 0 0 0 0 0 0 0 0 0 0 0 0 0 0 0 0 0 0 0 0 0 0 0 0 0 0 0 0 0 0 0 0 0 0 0 0 0 0 0 0 0 0 0 0 0 0 0 0 0 0 0 0 0 0 0 0 0 0 0 0 0 0 0 0 0 0 0 0 0 0 0 0 0 0 0 0 0 0 0 0 0 0 0 0 0 0 0 0 0 0 0 
0 0 0 0 0 104 303 150 0 150 0 0 0 0 0 0 0 0 0 0 0 0 0 0 0 0 0 0 0 0 0 0 0 0 0 0 0 0 0 0 0 0 0 0 0 0 0 0 0 0 0 0 0 0 0 0 0 0 0 0 0 0 0 0 0 0 0 0 0 0 0 0 0 0 0 0 0 0 0 0 0 0 0 0 0 0 0 0 0 0 0 0 0 0 0 0 0 0 0 0 
0 0 0 0 104 0 104 0 0 0 104 0 0 0 0 0 0 0 0 0 0 0 0 0 0 0 0 0 0 0 0 0 0 0 0 0 0 0 0 0 0 0 0 0 0 0 0 0 0 0 0 0 0 0 0 0 0 0 0 0 0 0 0 0 0 0 0 0 0 0 0 0 0 0 0 0 0 0 0 0 0 0 0 0 0 0 0 0 0 0 0 0 0 0 0 0 0 0 0 0 
0 0 0 0 0 0 0 0 0 0 0 0 0 0 0 0 0 0 0 0 0 0 0 0 0 0 0 0 0 0 0 0 0 0 0 0 0 0 0 0 0 0 0 0 0 0 0 0 0 0 0 0 0 0 0 0 0 0 0 0 0 0 0 0 0 0 0 0 0 0 0 0 0 0 0 0 0 0 0 0 0 0 0 0 0 0 0 0 0 0 0 0 0 0 0 0 0 0 0 0 
0 0 0 0 0 0 0 0 0 0 0 0 0 0 0 0 0 0 0 0 0 0 0 0 0 0 0 0 0 0 0 0 0 0 0 0 0 0 0 0 0 0 0 0 0 0 0 0 0 0 0 0 0 0 0 0 0 0 0 0 0 0 0 0 0 0 0 0 0 0 0 0 0 0 0 0 0 0 0 0 0 0 0 0 0 0 0 0 0 0 0 0 0 0 0 0 0 0 0 0 
0 0 0 0 0 0 0 0 0 0 0 0 0 0 0 0 0 0 0 0 0 0 0 0 0 0 0 0 0 0 0 0 0 0 0 0 0 0 0 0 0 0 0 0 0 0 0 0 0 0 0 0 0 0 0 0 0 0 0 0 0 0 0 0 0 0 0 0 0 0 0 0 0 0 0 0 0 0 0 0 0 0 0 0 0 0 0 0 0 0 0 0 0 0 0 0 0 0 0 0 
0 0 0 0 0 0 0 0 0 0 0 0 0 0 0 0 0 0 0 0 0 0 0 0 0 0 0 0 0 0 0 0 0 0 0 0 0 0 0 0 0 0 0 0 0 0 0 0 0 0 0 0 0 0 0 0 0 0 0 0 0 0 0 0 0 0 0 0 0 0 0 0 0 0 0 0 0 0 0 0 0 0 0 0 0 0 0 0 0 0 0 0 0 0 0 0 0 0 0 0 
0 0 0 0 0 0 0 0 0 0 0 0 0 0 0 0 0 0 0 0 0 0 0 0 0 0 0 0 0 0 0 0 0 0 0 0 0 0 0 0 0 0 0 0 0 0 0 0 0 0 0 0 0 0 0 0 0 0 0 0 0 0 0 0 0 0 0 0 0 0 0 0 0 0 0 0 0 0 0 0 0 0 0 0 0 0 0 0 0 0 0 0 0 0 0 0 0 0 0 0 
0 0 0 0 0 0 0 0 0 0 0 0 0 0 0 0 0 0 0 0 0 0 0 0 0 0 0 0 0 0 0 0 0 0 0 0 0 0 0 0 0 0 0 0 0 0 0 0 0 0 0 0 0 0 0 0 0 0 0 0 0 0 0 0 0 0 0 0 0 0 0 0 0 0 0 0 0 0 0 0 0 0 0 0 0 0 0 0 0 0 0 0 0 0 0 0 0 0 0 0 
0 0 0 0 0 0 0 0 0 0 0 0 0 0 0 0 0 0 0 0 0 0 0 0 0 0 0 0 0 0 0 0 0 0 0 0 0 0 0 0 0 0 0 0 0 0 0 0 0 0 0 0 0 0 0 0 0 0 0 0 0 0 0 0 0 0 0 0 0 0 0 0 0 0 0 0 0 0 0 0 0 0 0 0 0 0 0 0 0 0 0 0 0 0 0 0 0 0 0 0 
0 0 0 0 0 0 0 0 0 0 0 0 0 0 0 0 0 0 0 0 0 0 0 0 0 0 0 0 0 0 0 0 0 0 0 0 0 0 0 0 0 0 0 0 0 0 0 0 0 0 0 0 0 0 0 0 0 0 0 0 0 0 0 0 0 0 0 0 0 0 0 0 0 0 0 0 0 0 0 0 0 0 0 0 0 0 0 0 0 0 0 0 0 0 0 0 0 0 0 0 
0 0 0 0 0 0 0 0 0 0 0 0 0 0 0 0 0 0 0 0 0 0 0 0 0 0 0 0 0 0 0 0 0 0 0 0 0 0 0 0 0 0 0 0 0 0 0 0 0 0 0 0 0 0 0 0 0 0 0 0 0 0 0 0 0 0 0 0 0 0 0 0 0 0 0 0 0 0 0 0 0 0 0 0 0 0 0 0 0 0 0 0 0 0 0 0 0 0 0 0 
0 0 0 0 0 0 0 0 0 0 0 0 0 0 0 0 0 0 0 0 0 0 0 0 0 0 0 0 0 0 0 0 0 0 0 0 0 0 0 0 0 0 0 0 0 0 0 0 0 0 0 0 0 0 0 0 0 0 0 0 0 0 0 0 0 0 0 0 0 0 0 0 0 0 0 0 0 0 0 0 0 0 0 0 0 0 0 0 0 0 0 0 0 0 0 0 0 0 0 0 
0 0 0 0 0 0 0 0 0 0 0 0 0 0 0 0 0 0 0 0 0 0 0 0 0 0 0 0 0 0 0 0 0 0 0 0 0 0 0 0 0 0 0 0 0 0 0 0 0 0 0 0 0 0 0 0 0 0 0 0 0 0 0 0 0 0 0 0 0 0 0 0 0 0 0 0 0 0 0 0 0 0 0 0 0 0 0 0 0 0 0 0 0 0 0 0 0 0 0 0 
0 0 0 0 0 0 0 0 0 0 0 0 0 0 0 0 0 0 0 0 0 0 0 0 0 0 0 0 0 0 0 0 0 0 0 0 0 0 0 0 0 0 0 0 0 0 0 0 0 0 0 0 0 0 0 0 0 0 0 0 0 0 0 0 0 0 0 0 0 0 0 0 0 0 0 0 0 0 0 0 0 0 0 0 0 0 0 0 0 0 0 0 0 0 0 0 0 0 0 0 
0 0 0 0 0 0 0 0 0 0 0 0 0 0 0 0 0 0 0 0 0 0 0 0 0 0 0 0 0 0 0 0 0 0 0 0 0 0 0 0 0 0 0 0 0 0 0 0 0 0 0 0 0 0 0 0 0 0 0 0 0 0 0 0 0 0 0 0 0 0 0 0 0 0 0 0 0 0 0 0 0 0 0 0 0 0 0 0 0 0 0 0 0 0 0 0 0 0 0 0 
0 0 0 0 0 0 0 0 0 0 0 0 0 0 0 0 0 0 0 0 0 0 0 0 0 0 0 0 0 0 0 0 0 0 0 0 0 0 0 0 0 0 0 0 0 0 0 0 0 0 0 0 0 0 0 0 0 0 0 0 0 0 0 0 0 0 0 0 0 0 0 0 0 0 0 0 0 0 0 0 0 0 0 0 0 0 0 0 0 0 0 0 0 0 0 0 0 0 0 0 
0 0 0 0 0 0 0 0 0 0 0 0 0 0 0 0 0 0 0 0 0 0 0 0 0 0 0 0 0 0 0 0 0 0 0 0 0 0 0 0 0 0 0 0 0 0 0 0 0 0 0 0 0 0 0 0 0 0 0 0 0 0 0 0 0 0 0 0 0 0 0 0 0 0 0 0 0 0 0 0 0 0 0 0 0 0 0 0 0 0 0 0 0 0 0 0 0 0 0 0 
0 0 0 0 0 0 0 0 0 0 0 0 0 0 0 0 0 0 0 0 0 0 0 0 0 0 0 0 0 0 0 0 0 0 0 0 0 0 0 0 0 0 0 0 0 0 0 0 0 0 0 0 0 0 0 0 0 0 0 0 0 0 0 0 0 0 0 0 0 0 0 0 0 0 0 0 0 0 0 0 0 0 0 0 0 0 0 0 0 0 0 0 0 0 0 0 0 0 0 0 
0 0 0 0 0 0 0 0 0 0 0 0 0 0 0 0 0 0 0 0 0 0 0 0 0 0 0 0 0 0 0 0 0 0 0 0 0 0 0 0 0 0 0 0 0 0 0 0 0 0 0 0 0 0 0 0 0 0 0 0 0 0 0 0 0 0 0 0 0 0 0 0 0 0 0 0 0 0 0 0 0 0 0 0 0 0 0 0 0 0 0 0 0 0 0 0 0 0 0 0 
0 0 0 0 0 0 0 0 0 0 0 0 0 0 0 0 0 0 0 0 0 0 0 0 0 0 0 0 0 0 0 0 0 0 0 0 0 0 0 0 0 0 0 0 0 0 0 0 0 0 0 0 0 0 0 0 0 0 0 0 0 0 0 0 0 0 0 0 0 0 0 0 0 0 0 0 0 0 0 0 0 0 0 0 0 0 0 0 0 0 0 0 0 0 0 0 0 0 0 0 
0 0 0 0 0 0 0 0 0 0 0 0 0 0 0 0 0 0 0 0 0 0 0 0 0 0 0 0 0 0 0 0 0 0 0 0 0 0 0 0 0 0 0 0 0 0 0 0 0 0 0 0 0 0 0 0 0 0 0 0 0 0 0 0 0 0 0 0 0 0 0 0 0 0 0 0 0 0 0 0 0 0 0 0 0 0 0 0 0 0 0 0 0 0 0 0 0 0 0 0 
0 0 0 0 0 0 0 0 0 0 0 0 0 0 0 0 0 0 0 0 0 0 0 0 0 0 0 0 0 0 0 0 0 0 0 0 0 0 0 0 0 0 0 0 0 0 0 0 0 0 0 0 0 0 0 0 0 0 0 0 0 0 0 0 0 0 0 0 0 0 0 0 0 0 0 0 0 0 0 0 0 0 0 0 0 0 0 0 0 0 0 0 0 0 0 0 0 0 0 0 
0 0 0 0 0 0 0 0 0 0 0 0 0 0 0 0 0 0 0 0 0 0 0 0 0 0 0 0 0 0 0 0 0 0 0 0 0 0 0 0 0 0 0 0 0 0 0 0 0 0 0 0 0 0 0 0 0 0 0 0 0 0 0 0 0 0 0 0 0 0 0 0 0 0 0 0 0 0 0 0 0 0 0 0 0 0 0 0 0 0 0 0 0 0 0 0 0 0 0 0 
0 0 0 0 0 0 0 0 0 0 0 0 0 0 0 0 0 0 0 0 0 0 0 0 0 0 0 0 0 0 0 0 0 0 0 0 0 0 0 0 0 0 0 0 0 0 0 0 0 0 0 0 0 0 0 0 0 0 0 0 0 0 0 0 0 0 0 0 0 0 0 0 0 0 0 0 0 0 0 0 0 0 0 0 0 0 0 0 0 0 0 0 0 0 0 0 0 0 0 0 
0 0 0 0 0 0 0 0 0 0 0 0 0 0 0 0 0 0 0 0 0 0 0 0 0 0 0 0 0 0 0 0 0 0 0 0 0 0 0 0 0 0 0 0 0 0 0 0 0 0 0 0 0 0 0 0 0 0 0 0 0 0 0 0 0 0 0 0 0 0 0 0 0 0 0 0 0 0 0 0 0 0 0 0 0 0 0 0 0 0 0 0 0 0 0 0 0 0 0 0 
0 0 0 0 0 0 0 0 0 0 0 0 0 0 0 0 0 0 0 0 0 0 0 0 0 0 0 0 0 0 0 0 0 0 0 0 0 0 0 0 0 0 0 0 0 0 0 0 0 0 0 0 0 0 0 0 0 0 0 0 0 0 0 0 0 0 0 0 0 0 0 0 0 0 0 0 0 0 0 0 0 0 0 0 0 0 0 0 0 0 0 0 0 0 0 0 0 0 0 0 
0 0 0 0 0 0 0 0 0 0 0 0 0 0 0 0 0 0 0 0 0 0 0 0 0 0 0 0 0 0 0 0 0 0 0 0 0 0 0 0 0 0 0 0 0 0 0 0 0 0 0 0 0 0 0 0 0 0 0 0 0 0 0 0 0 0 0 0 0 0 0 0 0 0 0 0 0 0 0 0 0 0 0 0 0 0 0 0 0 0 0 0 0 0 0 0 0 0 0 0 
0 0 0 0 0 0 0 0 0 0 0 0 0 0 0 0 0 0 0 0 0 0 0 0 0 0 0 0 0 0 0 0 0 0 0 0 0 0 0 0 0 0 0 0 0 0 0 0 0 0 0 0 0 0 0 0 0 0 0 0 0 0 0 0 0 0 0 0 0 0 0 0 0 0 0 0 0 0 0 0 0 0 0 0 0 0 0 0 0 0 0 0 0 0 0 0 0 0 0 0 
0 0 0 0 0 0 0 0 0 0 0 0 0 0 0 0 0 0 0 0 0 0 0 0 0 0 0 0 0 0 0 0 0 0 0 0 0 0 0 0 0 0 0 0 0 0 0 0 0 0 0 0 0 0 0 0 0 0 0 0 0 0 0 0 0 0 0 0 0 0 0 0 0 0 0 0 0 0 0 0 0 0 0 0 0 0 0 0 0 0 0 0 0 0 0 0 0 0 0 0 
0 0 0 0 0 0 0 0 0 0 0 0 0 0 0 0 0 0 0 0 0 0 0 0 0 0 0 0 0 0 0 0 0 0 0 0 0 0 0 0 0 0 0 0 0 0 0 0 0 0 0 0 0 0 0 0 0 0 0 0 0 0 0 0 0 0 0 0 0 0 0 0 0 0 0 0 0 0 0 0 0 0 0 0 0 0 0 0 0 0 0 0 0 0 0 0 0 0 0 0 
0 0 0 0 0 0 0 0 0 0 0 0 0 0 0 0 0 0 0 0 0 0 0 0 0 0 0 0 0 0 0 0 0 0 0 0 0 0 0 0 0 0 0 0 0 0 0 0 0 0 0 0 0 0 0 0 0 0 0 0 0 0 0 0 0 0 0 0 0 0 0 0 0 0 0 0 0 0 0 0 0 0 0 0 0 0 0 0 0 0 0 0 0 0 0 0 0 0 0 0 
0 0 0 0 0 0 0 0 0 0 0 0 0 0 0 0 0 0 0 0 0 0 0 0 0 0 0 0 0 0 0 0 0 0 0 0 0 0 0 0 0 0 0 0 0 0 0 0 0 0 0 0 0 0 0 0 0 0 0 0 0 0 0 0 0 0 0 0 0 0 0 0 0 0 0 0 0 0 0 0 0 0 0 0 0 0 0 0 0 0 0 0 0 0 0 0 0 0 0 0 
0 0 0 0 0 0 0 0 0 0 0 0 0 0 0 0 0 0 0 0 0 0 0 0 0 0 0 0 0 0 0 0 0 0 0 0 0 0 0 0 0 0 0 0 0 0 0 0 0 0 0 0 0 0 0 0 0 0 0 0 0 0 0 0 0 0 0 0 0 0 0 0 0 0 0 0 0 0 0 0 0 0 0 0 0 0 0 0 0 0 0 0 0 0 0 0 0 0 0 0 
0 0 0 0 0 0 0 0 0 0 0 0 0 0 0 0 0 0 0 0 0 0 0 0 0 0 0 0 0 0 0 0 0 0 0 0 0 0 0 0 0 0 0 0 0 0 0 0 0 0 0 0 0 0 0 0 0 0 0 0 0 0 0 0 0 0 0 0 0 0 0 0 0 0 0 0 0 0 0 0 0 0 0 0 0 0 0 0 0 0 0 0 0 0 0 0 0 0 0 0 
0 0 0 0 0 0 0 0 0 0 0 0 0 0 0 0 0 0 0 0 0 0 0 0 0 0 0 0 0 0 0 0 0 0 0 0 0 0 0 0 0 0 0 0 0 0 0 0 0 0 0 0 0 0 0 0 0 0 0 0 0 0 0 0 0 0 0 0 0 0 0 0 0 0 0 0 0 0 0 0 0 0 0 0 0 0 0 0 0 0 0 0 0 0 0 0 0 0 0 0 
0 0 0 0 0 0 0 0 0 0 0 0 0 0 0 0 0 0 0 0 0 0 0 0 0 0 0 0 0 0 0 0 0 0 0 0 0 0 0 0 0 0 0 0 0 0 0 0 0 0 0 0 0 0 0 0 0 0 0 0 0 0 0 0 0 0 0 0 0 0 0 0 0 0 0 0 0 0 0 0 0 0 0 0 0 0 0 0 0 0 0 0 0 0 0 0 0 0 0 0 
0 0 0 0 0 0 0 0 0 0 0 0 0 0 0 0 0 0 0 0 0 0 0 0 0 0 0 0 0 0 0 0 0 0 0 0 0 0 0 0 0 0 0 0 0 0 0 0 0 0 0 0 0 0 0 0 0 0 0 0 0 0 0 0 0 0 0 0 0 0 0 0 0 0 0 0 0 0 0 0 0 0 0 0 0 0 0 0 0 0 0 0 0 0 0 0 0 0 0 0 
0 0 0 0 0 0 0 0 0 0 0 0 0 0 0 0 0 0 0 0 0 0 0 0 0 0 0 0 0 0 0 0 0 0 0 0 0 0 0 0 0 0 0 0 0 0 0 0 0 0 0 0 0 0 0 0 0 0 0 0 0 0 0 0 0 0 0 0 0 0 0 0 0 0 0 0 0 0 0 0 0 0 0 0 0 0 0 0 0 0 0 0 0 0 0 0 0 0 0 0 
0 0 0 0 0 0 0 0 0 0 0 0 0 0 0 0 0 0 0 0 0 0 0 0 0 0 0 0 0 0 0 0 0 0 0 0 0 0 0 0 0 0 0 0 0 0 0 0 0 0 0 0 0 0 0 0 0 0 0 0 0 0 0 0 0 0 0 0 0 0 0 0 0 0 0 0 0 0 0 0 0 0 0 0 0 0 0 0 0 0 0 0 0 0 0 0 0 0 0 0 
0 0 0 0 0 0 0 0 0 0 0 0 0 0 0 0 0 0 0 0 0 0 0 0 0 0 0 0 0 0 0 0 0 0 0 0 0 0 0 0 0 0 0 0 0 0 0 0 0 0 0 0 0 0 0 0 0 0 0 0 0 0 0 0 0 0 0 0 0 0 0 0 0 0 0 0 0 0 0 0 0 0 0 0 0 0 0 0 0 0 0 0 0 0 0 0 0 0 0 0 
0 0 0 0 0 0 0 0 0 0 0 0 0 0 0 0 0 0 0 0 0 0 0 0 0 0 0 0 0 0 0 0 0 0 0 0 0 0 0 0 0 0 0 0 0 0 0 0 0 0 0 0 0 0 0 0 0 0 0 0 0 0 0 0 0 0 0 0 0 0 0 0 0 0 0 0 0 0 0 0 0 0 0 0 0 0 0 0 0 0 0 0 0 0 0 0 0 0 0 0 
0 0 0 0 0 0 0 0 0 0 0 0 0 0 0 0 0 0 0 0 0 0 0 0 0 0 0 0 0 0 0 0 0 0 0 0 0 0 0 0 0 0 0 0 0 0 0 0 0 0 0 0 0 0 0 0 0 0 0 0 0 0 0 0 0 0 0 0 0 0 0 0 0 0 0 0 0 0 0 0 0 0 0 0 0 0 0 0 0 0 0 0 0 0 0 0 0 0 0 0 
0 0 0 0 0 0 0 0 0 0 0 0 0 0 0 0 0 0 0 0 0 0 0 0 0 0 0 0 0 0 0 0 0 0 0 0 0 0 0 0 0 0 0 0 0 0 0 0 0 0 0 0 0 0 0 0 0 0 0 0 0 0 0 0 0 0 0 0 0 0 0 0 0 0 0 0 0 0 0 0 0 0 0 0 0 0 0 0 0 0 0 0 0 0 0 0 0 0 0 0 
0 0 0 0 0 0 0 0 0 0 0 0 0 0 0 0 0 0 0 0 0 0 0 0 0 0 0 0 0 0 0 0 0 0 0 0 0 0 0 0 0 0 0 0 0 0 0 0 0 0 0 0 0 0 0 0 0 0 0 0 0 0 0 0 0 0 0 0 0 0 0 0 0 0 0 0 0 0 0 0 0 0 0 0 0 0 0 0 0 0 0 0 0 0 0 0 0 0 0 0 
0 0 0 0 0 0 0 0 0 0 0 0 0 0 0 0 0 0 0 0 0 0 0 0 0 0 0 0 0 0 0 0 0 0 0 0 0 0 0 0 0 0 0 0 0 0 0 0 0 0 0 0 0 0 0 0 0 0 0 0 0 0 0 0 0 0 0 0 0 0 0 0 0 0 0 0 0 0 0 0 0 0 0 0 0 0 0 0 0 0 0 0 0 0 0 0 0 0 0 0 
0 0 0 0 0 0 0 0 0 0 0 0 0 0 0 0 0 0 0 0 0 0 0 0 0 0 0 0 0 0 0 0 0 0 0 0 0 0 0 0 0 0 0 0 0 0 0 0 0 0 0 0 0 0 0 0 0 0 0 0 0 0 0 0 0 0 0 0 0 0 0 0 0 0 0 0 0 0 0 0 0 0 0 0 0 0 0 0 0 0 0 0 0 0 0 0 0 0 0 0 
0 0 0 0 0 0 0 0 0 0 0 0 0 0 0 0 0 0 0 0 0 0 0 0 0 0 0 0 0 0 0 0 0 0 0 0 0 0 0 0 0 0 0 0 0 0 0 0 0 0 0 0 0 0 0 0 0 0 0 0 0 0 0 0 0 0 0 0 0 0 0 0 0 0 0 0 0 0 0 0 0 0 0 0 0 0 0 0 0 0 0 0 0 0 0 0 0 0 0 0 
0 0 0 0 0 0 0 0 0 0 0 0 0 0 0 0 0 0 0 0 0 0 0 0 0 0 0 0 0 0 0 0 0 0 0 0 0 0 0 0 0 0 0 0 0 0 0 0 0 0 0 0 0 0 0 0 0 0 0 0 0 0 0 0 0 0 0 0 0 0 0 0 0 0 0 0 0 0 0 0 0 0 0 0 0 0 0 0 0 0 0 0 0 0 0 0 0 0 0 0 
0 0 0 0 0 0 0 0 0 0 0 0 0 0 0 0 0 0 0 0 0 0 0 0 0 0 0 0 0 0 0 0 0 0 0 0 0 0 0 0 0 0 0 0 0 0 0 0 0 0 0 0 0 0 0 0 0 0 0 0 0 0 0 0 0 0 0 0 0 0 0 0 0 0 0 0 0 0 0 0 0 0 0 0 0 0 0 0 0 0 0 0 0 0 0 0 0 0 0 0 
0 0 0 0 0 0 0 0 0 0 0 0 0 0 0 0 0 0 0 0 0 0 0 0 0 0 0 0 0 0 0 0 0 0 0 0 0 0 0 0 0 0 0 0 0 0 0 0 0 0 0 0 0 0 0 0 0 0 0 0 0 0 0 0 0 0 0 0 0 0 0 0 0 0 0 0 0 0 0 0 0 0 0 0 0 0 0 0 0 0 0 0 0 0 0 0 0 0 0 0 
0 0 0 0 0 0 0 0 0 0 0 0 0 0 0 0 0 0 0 0 0 0 0 0 0 0 0 0 0 0 0 0 0 0 0 0 0 0 0 0 0 0 0 0 0 0 0 0 0 0 0 0 0 0 0 0 0 0 0 0 0 0 0 0 0 0 0 0 0 0 0 0 0 0 0 0 0 0 0 0 0 0 0 0 0 0 0 0 0 0 0 0 0 0 0 0 0 0 0 0 
0 0 0 0 0 0 0 0 0 0 0 0 0 0 0 0 0 0 0 0 0 0 0 0 0 0 0 0 0 0 0 0 0 0 0 0 0 0 0 0 0 0 0 0 0 0 0 0 0 0 0 0 0 0 0 0 0 0 0 0 0 0 0 0 0 0 0 0 0 0 0 0 0 0 0 0 0 0 0 0 0 0 0 0 0 0 0 0 0 0 0 0 0 0 0 0 0 0 0 0 
0 0 0 0 0 0 0 0 0 0 0 0 0 0 0 0 0 0 0 0 0 0 0 0 0 0 0 0 0 0 0 0 0 0 0 0 0 0 0 0 0 0 0 0 0 0 0 0 0 0 0 0 0 0 0 0 0 0 0 0 0 0 0 0 0 0 0 0 0 0 0 0 0 0 0 0 0 0 0 0 0 0 0 0 0 0 0 0 0 0 0 0 0 0 0 0 0 0 0 0 
0 0 0 0 0 0 0 0 0 0 0 0 0 0 0 0 0 0 0 0 0 0 0 0 0 0 0 0 0 0 0 0 0 0 0 0 0 0 0 0 0 0 0 0 0 0 0 0 0 0 0 0 0 0 0 0 0 0 0 0 0 0 0 0 0 0 0 0 0 0 0 0 0 0 0 0 0 0 0 0 0 0 0 0 0 0 0 0 0 0 0 0 0 0 0 0 0 0 0 0 
0 0 0 0 0 0 0 0 0 0 0 0 0 0 0 0 0 0 0 0 0 0 0 0 0 0 0 0 0 0 0 0 0 0 0 0 0 0 0 0 0 0 0 0 0 0 0 0 0 0 0 0 0 0 0 0 0 0 0 0 0 0 0 0 0 0 0 0 0 0 0 0 0 0 0 0 0 0 0 0 0 0 0 0 0 0 0 0 0 0 0 0 0 0 0 0 0 0 0 0 
0 0 0 0 0 0 0 0 0 0 0 0 0 0 0 0 0 0 0 0 0 0 0 0 0 0 0 0 0 0 0 0 0 0 0 0 0 0 0 0 0 0 0 0 0 0 0 0 0 0 0 0 0 0 0 0 0 0 0 0 0 0 0 0 0 0 0 0 0 0 0 0 0 0 0 0 0 0 0 0 0 0 0 0 0 0 0 0 0 0 0 0 0 0 0 0 0 0 0 0 
0 0 0 0 0 0 0 0 0 0 0 0 0 0 0 0 0 0 0 0 0 0 0 0 0 0 0 0 0 0 0 0 0 0 0 0 0 0 0 0 0 0 0 0 0 0 0 0 0 0 0 0 0 0 0 0 0 0 0 0 0 0 0 0 0 0 0 0 0 0 0 0 0 0 0 0 0 0 0 0 0 0 0 0 0 0 0 0 0 0 0 0 0 0 0 0 0 0 0 0 
0 0 0 0 0 0 0 0 0 0 0 0 0 0 0 0 0 0 0 0 0 0 0 0 0 0 0 0 0 0 0 0 0 0 0 0 0 0 0 0 0 0 0 0 0 0 0 0 0 0 0 0 0 0 0 0 0 0 0 0 0 0 0 0 0 0 0 0 0 0 0 0 0 0 0 0 0 0 0 0 0 0 0 0 0 0 0 0 0 0 0 0 0 0 0 0 0 0 0 0 
0 0 0 0 0 0 0 0 0 0 0 0 0 0 0 0 0 0 0 0 0 0 0 0 0 0 0 0 0 0 0 0 0 0 0 0 0 0 0 0 0 0 0 0 0 0 0 0 0 0 0 0 0 0 0 0 0 0 0 0 0 0 0 0 0 0 0 0 0 0 0 0 0 0 0 0 0 0 0 0 0 0 0 0 0 0 0 0 0 0 0 0 0 0 0 0 0 0 0 0 
0 0 0 0 0 0 0 0 0 0 0 0 0 0 0 0 0 0 0 0 0 0 0 0 0 0 0 0 0 0 0 0 0 0 0 0 0 0 0 0 0 0 0 0 0 0 0 0 0 0 0 0 0 0 0 0 0 0 0 0 0 0 0 0 0 0 0 0 0 0 0 0 0 0 0 0 0 0 0 0 0 0 0 0 0 0 0 0 0 0 0 0 0 0 0 0 0 0 0 0 
0 0 0 0 0 0 0 0 0 0 0 0 0 0 0 0 0 0 0 0 0 0 0 0 0 0 0 0 0 0 0 0 0 0 0 0 0 0 0 0 0 0 0 0 0 0 0 0 0 0 0 0 0 0 0 0 0 0 0 0 0 0 0 0 0 0 0 0 0 0 0 0 0 0 0 0 0 0 0 0 0 0 0 0 0 0 0 0 0 0 0 0 0 0 0 0 0 0 0 0 
0 0 0 0 0 0 0 0 0 0 0 0 0 0 0 0 0 0 0 0 0 0 0 0 0 0 0 0 0 0 0 0 0 0 0 0 0 0 0 0 0 0 0 0 0 0 0 0 0 0 0 0 0 0 0 0 0 0 0 0 0 0 0 0 0 0 0 0 0 0 0 0 0 0 0 0 0 0 0 0 0 0 0 0 0 0 0 0 0 0 0 0 0 0 0 0 0 0 0 0 
0 0 0 0 0 0 0 0 0 0 0 0 0 0 0 0 0 0 0 0 0 0 0 0 0 0 0 0 0 0 0 0 0 0 0 0 0 0 0 0 0 0 0 0 0 0 0 0 0 0 0 0 0 0 0 0 0 0 0 0 0 0 0 0 0 0 0 0 0 0 0 0 0 0 0 0 0 0 0 0 0 0 0 0 0 0 0 0 0 0 0 0 0 0 0 0 0 0 0 0 
0 0 0 0 0 0 0 0 0 0 0 0 0 0 0 0 0 0 0 0 0 0 0 0 0 0 0 0 0 0 0 0 0 0 0 0 0 0 0 0 0 0 0 0 0 0 0 0 0 0 0 0 0 0 0 0 0 0 0 0 0 0 0 0 0 0 0 0 0 0 0 0 0 0 0 0 0 0 0 0 0 0 0 0 0 0 0 0 0 0 0 0 0 0 0 0 0 0 0 0 
0 0 0 0 0 0 0 0 0 0 0 0 0 0 0 0 0 0 0 0 0 0 0 0 0 0 0 0 0 0 0 0 0 0 0 0 0 0 0 0 0 0 0 0 0 0 0 0 0 0 0 0 0 0 0 0 0 0 0 0 0 0 0 0 0 0 0 0 0 0 0 0 0 0 0 0 0 0 0 0 0 0 0 0 0 0 0 0 0 0 0 0 0 0 0 0 0 0 0 0 
0 0 0 0 0 0 0 0 0 0 0 0 0 0 0 0 0 0 0 0 0 0 0 0 0 0 0 0 0 0 0 0 0 0 0 0 0 0 0 0 0 0 0 0 0 0 0 0 0 0 0 0 0 0 0 0 0 0 0 0 0 0 0 0 0 0 0 0 0 0 0 0 0 0 0 0 0 0 0 0 0 0 0 0 0 0 0 0 0 0 0 0 0 0 0 0 0 0 0 0 
0 0 0 0 0 0 0 0 0 0 0 0 0 0 0 0 0 0 0 0 0 0 0 0 0 0 0 0 0 0 0 0 0 0 0 0 0 0 0 0 0 0 0 0 0 0 0 0 0 0 0 0 0 0 0 0 0 0 0 0 0 0 0 0 0 0 0 0 0 0 0 0 0 0 0 0 0 0 0 0 0 0 0 0 0 0 0 0 0 0 0 0 0 0 0 0 0 0 0 0 
0 0 0 0 0 0 0 0 0 0 0 0 0 0 0 0 0 0 0 0 0 0 0 0 0 0 0 0 0 0 0 0 0 0 0 0 0 0 0 0 0 0 0 0 0 0 0 0 0 0 0 0 0 0 0 0 0 0 0 0 0 0 0 0 0 0 0 0 0 0 0 0 0 0 0 0 0 0 0 0 0 0 0 0 0 0 0 0 0 0 0 0 0 0 0 0 0 0 0 0 
0 0 0 0 0 0 0 0 0 0 0 0 0 0 0 0 0 0 0 0 0 0 0 0 0 0 0 0 0 0 0 0 0 0 0 0 0 0 0 0 0 0 0 0 0 0 0 0 0 0 0 0 0 0 0 0 0 0 0 0 0 0 0 0 0 0 0 0 0 0 0 0 0 0 0 0 0 0 0 0 0 0 0 0 0 0 0 0 0 0 0 0 0 0 0 0 0 0 0 0 
0 0 0 0 0 0 0 0 0 0 0 0 0 0 0 0 0 0 0 0 0 0 0 0 0 0 0 0 0 0 0 0 0 0 0 0 0 0 0 0 0 0 0 0 0 0 0 0 0 0 0 0 0 0 0 0 0 0 0 0 0 0 0 0 0 0 0 0 0 0 0 0 0 0 0 0 0 0 0 0 0 0 0 0 0 0 0 0 0 0 0 0 0 0 0 0 0 0 0 0 
0 0 0 0 0 0 0 0 0 0 0 0 0 0 0 0 0 0 0 0 0 0 0 0 0 0 0 0 0 0 0 0 0 0 0 0 0 0 0 0 0 0 0 0 0 0 0 0 0 0 0 0 0 0 0 0 0 0 0 0 0 0 0 0 0 0 0 0 0 0 0 0 0 0 0 0 0 0 0 0 0 0 0 0 0 0 0 0 0 0 0 0 0 0 0 0 0 0 0 0 
0 0 0 0 0 0 0 0 0 0 0 0 0 0 0 0 0 0 0 0 0 0 0 0 0 0 0 0 0 0 0 0 0 0 0 0 0 0 0 0 0 0 0 0 0 0 0 0 0 0 0 0 0 0 0 0 0 0 0 0 0 0 0 0 0 0 0 0 0 0 0 0 0 0 0 0 0 0 0 0 0 0 0 0 0 0 0 0 0 0 0 0 0 0 0 0 0 0 0 0 
0 0 0 0 0 0 0 0 0 0 0 0 0 0 0 0 0 0 0 0 0 0 0 0 0 0 0 0 0 0 0 0 0 0 0 0 0 0 0 0 0 0 0 0 0 0 0 0 0 0 0 0 0 0 0 0 0 0 0 0 0 0 0 0 0 0 0 0 0 0 0 0 0 0 0 0 0 0 0 0 0 0 0 0 0 0 0 0 0 0 0 0 0 0 0 0 0 0 0 0 
0 0 0 0 0 0 0 0 0 0 0 0 0 0 0 0 0 0 0 0 0 0 0 0 0 0 0 0 0 0 0 0 0 0 0 0 0 0 0 0 0 0 0 0 0 0 0 0 0 0 0 0 0 0 0 0 0 0 0 0 0 0 0 0 0 0 0 0 0 0 0 0 0 0 0 0 0 0 0 0 0 0 0 0 0 0 0 0 0 0 0 0 0 0 0 0 0 0 0 0 
0 0 0 0 0 0 0 0 0 0 0 0 0 0 0 0 0 0 0 0 0 0 0 0 0 0 0 0 0 0 0 0 0 0 0 0 0 0 0 0 0 0 0 0 0 0 0 0 0 0 0 0 0 0 0 0 0 0 0 0 0 0 0 0 0 0 0 0 0 0 0 0 0 0 0 0 0 0 0 0 0 0 0 0 0 0 0 0 0 0 0 0 0 0 0 0 0 0 0 0 
0 0 0 0 0 0 0 0 0 0 0 0 0 0 0 0 0 0 0 0 0 0 0 0 0 0 0 0 0 0 0 0 0 0 0 0 0 0 0 0 0 0 0 0 0 0 0 0 0 0 0 0 0 0 0 0 0 0 0 0 0 0 0 0 0 0 0 0 0 0 0 0 0 0 0 0 0 0 0 0 0 0 0 0 0 0 0 0 0 0 0 0 0 0 0 0 0 0 0 0 
0 0 0 0 0 0 0 0 0 0 0 0 0 0 0 0 0 0 0 0 0 0 0 0 0 0 0 0 0 0 0 0 0 0 0 0 0 0 0 0 0 0 0 0 0 0 0 0 0 0 0 0 0 0 0 0 0 0 0 0 0 0 0 0 0 0 0 0 0 0 0 0 0 0 0 0 0 0 0 0 0 0 0 0 0 0 0 0 0 0 0 0 0 0 0 0 0 0 0 0 
0 0 0 0 0 0 0 0 0 0 0 0 0 0 0 0 0 0 0 0 0 0 0 0 0 0 0 0 0 0 0 0 0 0 0 0 0 0 0 0 0 0 0 0 0 0 0 0 0 0 0 0 0 0 0 0 0 0 0 0 0 0 0 0 0 0 0 0 0 0 0 0 0 0 0 0 0 0 0 0 0 0 0 0 0 0 0 0 0 0 0 0 0 0 0 0 0 0 0 0 
0 0 0 0 0 0 0 0 0 0 0 0 0 0 0 0 0 0 0 0 0 0 0 0 0 0 0 0 0 0 0 0 0 0 0 0 0 0 0 0 0 0 0 0 0 0 0 0 0 0 0 0 0 0 0 0 0 0 0 0 0 0 0 0 0 0 0 0 0 0 0 0 0 0 0 0 0 0 0 0 0 0 0 0 0 0 0 0 0 0 0 0 0 0 0 0 0 0 0 0 
0 0 0 0 0 0 0 0 0 0 0 0 0 0 0 0 0 0 0 0 0 0 0 0 0 0 0 0 0 0 0 0 0 0 0 0 0 0 0 0 0 0 0 0 0 0 0 0 0 0 0 0 0 0 0 0 0 0 0 0 0 0 0 0 0 0 0 0 0 0 0 0 0 0 0 0 0 0 0 0 0 0 0 0 0 0 0 0 0 0 0 0 0 0 0 0 0 0 0 0 
0 0 0 0 0 0 0 0 0 0 0 0 0 0 0 0 0 0 0 0 0 0 0 0 0 0 0 0 0 0 0 0 0 0 0 0 0 0 0 0 0 0 0 0 0 0 0 0 0 0 0 0 0 0 0 0 0 0 0 0 0 0 0 0 0 0 0 0 0 0 0 0 0 0 0 0 0 0 0 0 0 0 0 0 0 0 0 0 0 0 0 0 0 0 0 0 0 0 0 0 
0 0 0 0 0 0 0 0 0 0 0 0 0 0 0 0 0 0 0 0 0 0 0 0 0 0 0 0 0 0 0 0 0 0 0 0 0 0 0 0 0 0 0 0 0 0 0 0 0 0 0 0 0 0 0 0 0 0 0 0 0 0 0 0 0 0 0 0 0 0 0 0 0 0 0 0 0 0 0 0 0 0 0 0 0 0 0 0 0 0 0 0 0 0 0 0 0 0 0 0 
0 0 0 0 0 0 0 0 0 0 0 0 0 0 0 0 0 0 0 0 0 0 0 0 0 0 0 0 0 0 0 0 0 0 0 0 0 0 0 0 0 0 0 0 0 0 0 0 0 0 0 0 0 0 0 0 0 0 0 0 0 0 0 0 0 0 0 0 0 0 0 0 0 0 0 0 0 0 0 0 0 0 0 0 0 0 0 0 0 0 0 0 0 0 0 0 0 0 0 0 
0 0 0 0 0 0 0 0 0 0 0 0 0 0 0 0 0 0 0 0 0 0 0 0 0 0 0 0 0 0 0 0 0 0 0 0 0 0 0 0 0 0 0 0 0 0 0 0 0 0 0 0 0 0 0 0 0 0 0 0 0 0 0 0 0 0 0 0 0 0 0 0 0 0 0 0 0 0 0 0 0 0 0 0 0 0 0 0 0 0 0 0 0 0 0 0 0 0 0 0 
0 0 0 0 0 0 0 0 0 0 0 0 0 0 0 0 0 0 0 0 0 0 0 0 0 0 0 0 0 0 0 0 0 0 0 0 0 0 0 0 0 0 0 0 0 0 0 0 0 0 0 0 0 0 0 0 0 0 0 0 0 0 0 0 0 0 0 0 0 0 0 0 0 0 0 0 0 0 0 0 0 0 0 0 0 0 0 0 0 0 0 0 0 0 0 0 0 0 0 0 
0 0 0 0 0 0 0 0 0 0 0 0 0 0 0 0 0 0 0 0 0 0 0 0 0 0 0 0 0 0 0 0 0 0 0 0 0 0 0 0 0 0 0 0 0 0 0 0 0 0 0 0 0 0 0 0 0 0 0 0 0 0 0 0 0 0 0 0 0 0 0 0 0 0 0 0 0 0 0 0 0 0 0 0 0 0 0 0 0 0 0 0 0 0 0 0 0 0 0 0 
0 0 0 0 0 0 0 0 0 0 0 0 0 0 0 0 0 0 0 0 0 0 0 0 0 0 0 0 0 0 0 0 0 0 0 0 0 0 0 0 0 0 0 0 0 0 0 0 0 0 0 0 0 0 0 0 0 0 0 0 0 0 0 0 0 0 0 0 0 0 0 0 0 0 0 0 0 0 0 0 0 0 0 0 0 0 0 0 0 0 0 0 0 0 0 0 0 0 0 0 
0 0 0 0 0 0 0 0 0 0 0 0 0 0 0 0 0 0 0 0 0 0 0 0 0 0 0 0 0 0 0 0 0 0 0 0 0 0 0 0 0 0 0 0 0 0 0 0 0 0 0 0 0 0 0 0 0 0 0 0 0 0 0 0 0 0 0 0 0 0 0 0 0 0 0 0 0 0 0 0 0 0 0 0 0 0 0 0 0 0 0 0 0 0 0 0 0 0 0 0 
0 0 0 0 0 0 0 0 0 0 0 0 0 0 0 0 0 0 0 0 0 0 0 0 0 0 0 0 0 0 0 0 0 0 0 0 0 0 0 0 0 0 0 0 0 0 0 0 0 0 0 0 0 0 0 0 0 0 0 0 0 0 0 0 0 0 0 0 0 0 0 0 0 0 0 0 0 0 0 0 0 0 0 0 0 0 0 0 0 0 0 0 0 0 0 0 0 0 0 0 
0 0 0 0 0 0 0 0 0 0 0 0 0 0 0 0 0 0 0 0 0 0 0 0 0 0 0 0 0 0 0 0 0 0 0 0 0 0 0 0 0 0 0 0 0 0 0 0 0 0 0 0 0 0 0 0 0 0 0 0 0 0 0 0 0 0 0 0 0 0 0 0 0 0 0 0 0 0 0 0 0 0 0 0 0 0 0 0 0 0 0 0 0 0 0 0 0 0 0 0 
0 0 0 0 0 0 0 0 0 0 0 0 0 0 0 0 0 0 0 0 0 0 0 0 0 0 0 0 0 0 0 0 0 0 0 0 0 0 0 0 0 0 0 0 0 0 0 0 0 0 0 0 0 0 0 0 0 0 0 0 0 0 0 0 0 0 0 0 0 0 0 0 0 0 0 0 0 0 0 0 0 0 0 0 0 0 0 0 0 0 0 0 0 0 0 0 0 0 0 0 
0 0 0 0 0 0 0 0 0 0 0 0 0 0 0 0 0 0 0 0 0 0 0 0 0 0 0 0 0 0 0 0 0 0 0 0 0 0 0 0 0 0 0 0 0 0 0 0 0 0 0 0 0 0 0 0 0 0 0 0 0 0 0 0 0 0 0 0 0 0 0 0 0 0 0 0 0 0 0 0 0 0 0 0 0 0 0 0 0 0 0 0 0 0 0 0 0 0 0 0 
0 0 0 0 0 0 0 0 0 0 0 0 0 0 0 0 0 0 0 0 0 0 0 0 0 0 0 0 0 0 0 0 0 0 0 0 0 0 0 0 0 0 0 0 0 0 0 0 0 0 0 0 0 0 0 0 0 0 0 0 0 0 0 0 0 0 0 0 0 0 0 0 0 0 0 0 0 0 0 0 0 0 0 0 0 0 0 0 0 0 0 0 0 0 0 0 0 0 0 0 
0 0 0 0 0 0 0 0 0 0 0 0 0 0 0 0 0 0 0 0 0 0 0 0 0 0 0 0 0 0 0 0 0 0 0 0 0 0 0 0 0 0 0 0 0 0 0 0 0 0 0 0 0 0 0 0 0 0 0 0 0 0 0 0 0 0 0 0 0 0 0 0 0 0 0 0 0 0 0 0 0 0 0 0 0 0 0 0 0 0 0 0 0 0 0 0 0 0 0 0 
=
player 1 0 0
_
NoNameTown 1 128 224 10 1 1 10 544 273 0 100 0 0
~

*
NoNameTown 1 64 288 10 1 1 10 320 175 0 100 0 0
~

*
NoNameTown 1 128 288 10 1 1 10 150 175 0 100 0 0
~

*
NoNameTown 1 192 224 10 1 1 10 320 175 0 100 0 0
~

*
NoNameTown 1 64 224 10 1 1 10 320 175 0 100 0 0
~

*
NoNameTown 1 192 288 10 1 1 10 320 175 0 100 0 0
~

*
NoNameTown 1 128 352 10 1 1 10 144 169 0 100 0 0
~

*

&
1 1 2 4 0 0 4 1 128 160 1|1 1 2 4 0 0 4 1 224 320 1|1 1 2 4 0 0 4 1 192 160 1|1 1 2 4 0 0 4 1 224 192 1|1 1 2 4 0 0 4 1 96 64 1|1 1 2 4 0 0 4 1 64 288 1|1 1 2 4 0 0 4 1 224 128 1|
#
Ruslan 2 0 0
_
NoNameTown 2 160 192 10 1 1 10 0 5 0 100 0 0
~

*

&
1 0 1 3 0 0 2 2 128 128 1|1 1 3 3 0 0 3 2 96 96 1|
#
Vova 3 0 0
_

&
1 0 1 3 0 0 1 3 160 160 1|1 1 3 3 0 0 3 3 192 192 1|
#
