500 500 500 500 500 500 500 500 500 500 500 500 500 500 500 500 500 500 500 500 500 500 500 500 500 500 500 500 500 500 500 500 500 500 500 500 500 500 500 500 500 500 500 500 500 500 500 500 500 500 500 500 500 500 500 500 500 500 500 500 500 500 500 500 500 500 500 500 500 500 500 500 500 500 500 500 500 500 500 500 500 500 500 500 500 500 500 500 500 500 500 500 500 500 500 500 500 500 500 500 
500 500 500 500 500 200 300 400 200 500 200 500 500 500 500 500 500 300 500 500 500 200 200 200 200 100 101 500 500 200 100 202 100 100 400 500 500 500 200 200 200 200 400 400 500 500 500 200 200 500 500 500 500 500 200 200 200 200 300 200 500 500 500 500 500 500 500 500 500 500 500 200 200 200 500 500 500 500 200 202 500 500 500 500 500 500 200 200 500 500 500 500 500 500 500 106 500 500 500 500 
500 500 500 500 500 300 200 200 200 200 100 100 500 500 500 500 200 200 300 200 200 200 200 200 200 100 100 101 200 100 100 100 100 300 300 500 500 500 500 100 200 200 200 200 500 500 500 300 300 500 500 500 500 500 100 200 202 400 300 500 200 200 500 500 500 500 500 500 500 400 200 300 300 200 500 500 500 500 500 500 500 500 500 500 500 200 403 100 100 500 500 500 500 500 500 500 500 500 500 500 
500 500 500 500 500 500 100 300 200 400 200 500 500 500 500 500 200 304 200 100 100 200 200 500 500 500 500 500 101 100 100 100 300 300 300 500 500 500 500 100 200 200 200 200 400 500 500 500 200 200 500 500 500 500 300 500 100 500 500 500 200 202 500 500 500 500 500 500 400 400 400 403 200 200 400 500 500 500 500 500 500 500 500 500 300 400 100 100 400 200 500 500 500 500 500 500 500 500 500 500 
500 500 500 500 500 200 300 200 300 200 200 304 300 300 500 500 500 500 500 500 500 500 500 500 500 500 100 200 100 400 200 300 101 100 100 500 500 500 100 300 300 200 200 400 202 100 500 400 300 200 100 100 200 300 300 300 500 500 500 500 300 200 200 400 200 200 200 100 100 400 400 200 200 400 400 500 500 500 500 500 500 500 500 500 202 200 400 400 106 300 300 500 500 500 500 500 500 500 200 500 
500 500 500 300 300 100 200 500 500 200 300 400 200 500 500 500 500 500 500 500 500 500 500 500 500 500 100 200 400 300 100 300 200 500 500 500 500 500 300 100 100 200 101 200 300 400 400 500 300 301 100 200 200 100 100 100 500 500 500 200 200 200 100 200 200 200 100 100 300 300 301 300 400 400 500 500 500 500 200 200 100 300 200 300 200 200 300 300 300 300 500 500 500 500 500 500 500 500 500 500 
500 200 400 300 100 300 100 500 500 500 500 500 200 200 200 400 400 500 500 500 500 200 500 500 500 500 500 500 500 100 300 301 500 500 500 500 500 301 300 300 300 300 200 100 300 300 500 500 300 101 200 200 200 100 100 100 500 500 200 300 202 200 500 500 400 200 400 200 400 300 100 300 400 300 300 500 500 500 200 100 100 100 100 200 200 200 300 300 300 300 500 500 500 500 500 500 500 500 500 500 
500 500 200 400 400 300 300 500 500 500 500 200 200 200 200 400 400 400 300 300 200 300 100 500 500 500 500 500 500 500 300 400 500 500 500 500 500 400 202 202 400 400 500 500 200 500 500 301 100 200 200 202 300 100 300 200 200 300 300 300 200 500 500 100 100 400 403 200 200 100 100 300 500 500 500 500 500 300 200 300 301 100 100 500 500 200 200 300 300 100 500 500 400 500 300 500 500 500 500 500 
500 500 200 403 400 200 200 100 500 500 300 300 200 200 200 500 500 200 300 300 100 100 100 200 200 100 500 500 500 500 500 500 500 500 500 500 500 400 300 200 400 301 100 500 500 500 200 300 400 200 500 500 500 500 300 300 300 500 500 500 500 405 500 100 100 400 400 200 100 100 101 100 500 500 500 500 500 200 200 202 202 200 500 500 500 500 200 300 100 500 500 500 500 500 400 300 500 500 500 500 
500 500 500 200 400 300 300 100 100 100 300 100 300 200 200 500 500 500 403 400 100 400 400 400 301 300 300 400 200 200 400 500 400 500 500 500 500 300 200 300 300 100 500 500 500 500 300 100 200 500 500 500 500 500 300 300 500 500 500 500 500 300 100 100 100 100 100 200 100 100 100 400 500 500 500 500 200 200 200 200 200 500 500 500 500 500 500 500 500 500 200 400 500 200 400 300 100 400 500 500 
500 500 500 500 400 300 300 100 100 100 101 300 300 200 500 500 500 400 400 100 100 400 400 400 300 300 300 403 100 400 100 200 400 400 500 500 500 500 500 500 500 100 500 500 500 300 301 100 200 300 300 100 500 500 500 500 500 500 500 500 400 200 100 100 200 100 100 200 500 200 101 100 100 100 100 405 400 100 200 200 300 100 500 500 500 500 500 500 500 500 200 400 202 400 100 301 400 200 200 500 
500 500 500 500 202 200 300 300 300 400 400 300 500 500 500 200 100 100 400 101 100 403 400 400 100 400 403 400 300 300 300 100 202 400 200 500 500 500 500 100 100 101 500 500 500 500 400 300 400 400 100 200 500 500 500 500 500 500 200 200 200 200 300 100 300 100 200 500 500 202 100 100 100 100 100 400 100 200 200 500 500 500 500 100 301 200 500 500 500 500 500 500 500 500 300 400 400 300 403 500 
500 500 500 500 500 500 300 300 300 300 400 200 500 500 200 301 100 300 300 400 200 400 400 400 100 200 200 400 300 500 500 500 200 200 202 200 500 500 200 200 200 200 100 500 500 500 400 300 200 400 100 400 500 500 500 500 500 500 200 200 200 301 300 300 300 300 300 500 500 200 200 300 200 100 100 100 100 300 200 500 500 500 202 400 304 500 500 500 500 500 500 500 500 200 100 405 106 301 300 500 
500 500 500 500 500 500 300 200 200 300 304 100 300 300 300 300 300 100 500 300 400 300 200 100 200 200 403 400 400 300 500 300 300 400 200 200 200 400 300 400 200 400 400 200 500 100 500 500 200 400 400 200 200 500 500 500 200 500 500 500 200 100 200 300 301 300 300 400 106 300 200 300 100 100 100 300 300 500 400 200 100 100 500 500 300 300 100 304 400 500 500 200 300 200 300 400 300 300 300 500 
500 500 500 500 500 200 301 200 300 300 200 200 100 300 300 300 300 100 300 100 300 200 200 200 300 300 100 400 400 400 400 300 400 400 200 200 200 300 100 400 400 403 300 202 100 106 301 300 200 200 202 200 100 500 500 500 202 500 500 500 200 200 200 200 300 300 400 400 400 100 300 202 100 300 300 300 300 300 301 300 300 400 500 500 300 100 300 300 500 500 500 500 500 200 400 304 300 300 400 500 
500 500 500 400 200 400 400 300 200 300 101 300 200 200 500 500 300 200 100 100 100 100 301 400 400 300 500 400 400 400 400 300 300 500 500 100 100 100 100 200 200 400 300 200 100 100 100 300 301 100 100 100 100 500 500 500 500 500 500 100 100 300 500 500 101 400 101 400 100 100 300 300 300 400 300 200 100 304 300 300 200 400 500 400 100 100 300 300 500 500 500 500 500 100 100 200 500 400 400 500 
500 500 500 500 400 400 400 202 200 500 500 300 200 200 200 300 200 101 101 100 300 100 200 300 300 300 300 106 100 400 202 300 500 500 304 100 100 200 100 300 200 400 300 200 100 500 500 300 200 300 300 100 100 500 500 500 500 500 500 100 100 500 500 500 100 400 200 300 100 500 500 500 300 300 100 100 106 400 300 200 100 400 400 400 300 200 300 300 300 500 500 500 500 100 300 200 300 200 300 500 
500 500 500 500 100 300 300 300 500 500 500 500 100 300 200 300 400 400 400 300 300 200 200 200 300 300 200 100 200 200 200 300 300 300 200 200 200 300 300 100 200 300 100 100 500 500 500 200 300 100 100 300 300 300 300 500 500 500 500 100 500 500 500 500 100 300 200 300 200 500 500 500 500 300 500 100 300 300 300 100 100 300 400 200 200 300 301 300 300 500 500 500 500 200 400 200 300 100 100 500 
500 500 500 200 300 300 500 500 500 500 500 500 202 200 300 200 200 200 400 400 200 200 100 100 200 100 403 100 400 300 200 400 300 300 200 200 100 300 100 100 300 300 100 100 100 500 200 200 403 200 300 200 301 400 400 400 500 500 500 500 100 500 500 500 400 403 300 300 200 200 300 400 300 200 100 300 100 300 100 100 100 100 300 200 200 300 300 300 300 300 500 400 202 300 300 300 100 400 300 500 
500 500 500 500 500 300 500 100 300 100 500 500 200 200 200 300 100 400 300 100 202 200 100 101 100 100 100 400 100 300 301 100 100 100 106 400 400 200 100 100 100 300 100 300 300 400 200 200 500 100 200 300 300 400 400 200 500 500 500 500 500 500 500 500 400 400 300 200 200 200 300 400 200 300 300 100 300 200 200 300 100 100 100 200 500 500 400 200 300 100 300 400 300 301 300 200 400 400 200 500 
500 500 500 200 500 500 500 200 100 300 400 300 200 200 300 300 300 300 300 500 500 500 500 500 500 500 100 100 300 100 301 300 300 202 400 403 100 300 300 300 500 500 300 300 500 500 500 500 500 400 200 200 200 200 200 300 300 200 100 100 100 100 500 500 300 300 202 400 200 202 400 400 400 300 100 100 100 300 300 500 500 100 300 300 500 500 400 100 300 300 100 200 200 200 400 200 400 200 200 500 
500 500 500 300 200 500 300 300 301 301 400 200 200 200 200 300 200 300 300 300 400 100 100 500 500 500 100 100 100 500 500 300 300 400 300 100 100 200 200 300 500 300 300 300 100 500 500 500 500 200 200 200 200 200 200 100 100 100 200 301 300 300 500 500 300 200 202 200 202 200 400 400 403 300 301 100 100 100 500 500 100 100 500 100 100 400 200 100 300 100 300 200 200 400 403 400 200 200 200 500 
500 500 100 300 300 300 300 500 500 300 403 400 300 200 500 500 500 500 300 200 200 400 500 500 400 200 200 200 500 500 400 300 400 300 200 200 300 200 200 500 300 300 300 500 400 500 500 500 500 200 200 200 200 200 200 100 100 300 100 100 500 500 500 500 500 200 200 200 100 100 400 200 500 400 400 300 300 300 300 300 200 200 300 100 400 400 100 300 200 200 300 200 200 300 403 100 300 200 106 500 
500 100 100 300 300 300 300 300 300 100 100 200 200 100 200 200 500 500 300 200 300 400 200 403 400 200 200 300 100 300 300 100 200 100 200 100 200 200 200 400 300 100 300 300 400 500 500 500 500 100 200 200 200 500 500 500 200 400 200 100 500 500 500 300 300 200 301 100 100 100 100 200 400 400 300 300 300 301 300 200 200 202 300 300 400 400 400 300 300 200 200 200 300 300 403 200 200 200 500 500 
500 200 200 200 200 100 300 300 300 100 200 200 100 100 300 300 500 500 500 300 300 200 200 400 400 300 202 200 300 200 300 100 200 200 100 400 100 300 400 200 300 300 300 300 200 500 500 500 500 200 200 200 100 200 500 500 400 300 100 100 100 300 400 300 200 400 101 100 101 100 300 100 300 300 300 300 300 300 300 200 202 300 300 300 300 202 400 300 300 200 200 200 300 400 100 200 200 500 200 500 
500 200 200 100 101 100 100 300 400 200 300 100 100 405 100 500 500 500 500 106 300 200 200 400 400 400 200 304 300 100 300 300 100 400 100 301 300 300 200 100 200 500 500 403 200 500 500 500 200 200 200 100 100 500 500 500 500 500 500 500 500 500 500 100 400 200 400 200 400 300 200 101 300 300 300 100 400 400 100 300 300 300 300 200 200 200 100 100 100 100 100 100 400 400 400 100 100 100 301 500 
500 200 202 300 100 100 100 200 500 100 100 300 100 100 500 500 500 500 500 500 300 200 500 400 400 300 300 500 300 300 200 300 300 100 300 300 300 300 300 400 200 500 500 500 500 500 500 500 101 100 100 400 200 200 500 500 500 500 500 500 500 500 100 100 100 300 300 300 500 300 100 200 400 300 300 200 400 403 300 300 500 300 200 200 200 500 100 100 100 100 100 200 403 400 400 100 100 300 300 500 
500 200 200 200 106 100 300 100 100 100 100 300 300 200 500 500 500 500 500 300 500 500 500 400 100 400 300 500 300 300 100 100 101 500 100 301 304 300 200 500 500 500 500 500 300 200 500 500 500 500 301 300 400 200 500 500 500 500 500 500 300 100 100 100 300 300 300 200 200 200 304 400 200 202 300 400 400 100 100 500 500 500 500 500 500 100 200 100 300 405 400 400 300 400 300 100 300 100 300 500 
500 100 200 200 300 300 101 100 100 100 200 200 300 300 500 500 200 100 300 500 500 300 200 200 202 400 405 300 300 100 106 100 100 100 500 300 300 200 300 100 100 100 500 300 300 300 100 500 500 500 301 200 400 500 500 500 500 500 300 300 100 202 300 301 100 300 200 202 200 300 200 200 200 300 300 400 100 100 100 100 300 500 500 500 500 300 300 100 300 300 400 100 100 200 200 200 200 200 300 500 
500 400 100 300 100 100 100 300 100 200 300 300 300 300 200 500 200 300 300 500 500 200 200 200 200 200 400 400 100 100 300 200 106 100 100 100 200 200 400 300 200 200 200 500 300 202 100 500 500 400 200 200 100 500 500 500 500 500 200 100 100 100 300 300 200 200 200 300 403 300 202 200 301 300 300 300 400 100 300 300 200 304 500 500 500 500 500 500 500 500 500 500 300 200 200 300 300 300 300 500 
500 100 100 100 400 400 300 500 200 200 300 300 300 300 202 200 300 300 100 300 200 200 100 200 200 200 400 200 200 300 300 200 100 100 100 100 100 200 300 100 100 200 202 500 500 100 300 300 300 100 200 100 100 100 300 500 500 500 300 300 301 300 300 100 200 200 200 100 100 200 300 300 300 200 200 400 400 300 300 100 300 300 500 500 500 500 500 500 500 500 400 300 300 300 300 300 300 500 500 500 
500 200 100 100 100 300 300 500 300 200 400 202 200 400 200 200 100 100 100 400 300 100 100 300 100 202 100 500 300 100 300 200 300 500 500 100 200 301 200 100 100 200 200 500 500 300 300 300 400 100 100 300 300 100 100 500 200 200 200 300 200 200 300 100 300 300 100 500 400 300 400 300 301 100 100 300 301 300 400 400 300 300 500 500 500 200 500 500 500 400 403 400 400 300 100 200 100 500 500 500 
500 500 100 100 100 200 300 202 200 200 500 200 403 100 300 300 100 300 300 500 500 100 300 400 301 300 500 500 500 200 300 500 500 300 100 300 300 200 200 100 200 400 100 300 101 100 100 400 200 300 300 500 300 100 100 200 200 200 200 400 200 200 300 300 300 300 400 500 300 400 400 400 300 100 400 100 300 200 405 200 300 300 101 500 500 500 500 500 300 106 403 400 300 300 300 200 200 500 500 500 
500 100 100 100 200 200 200 200 200 200 100 400 100 405 200 200 300 301 100 500 500 301 200 400 300 100 500 500 200 300 101 500 500 300 300 200 301 400 300 200 300 300 300 400 200 300 200 200 200 200 300 200 202 100 100 300 300 200 405 403 100 500 500 300 300 304 200 403 100 200 100 200 100 300 100 300 202 200 100 100 400 400 500 500 500 500 200 200 106 100 400 100 100 100 403 200 400 500 500 500 
500 403 300 400 100 500 500 106 300 300 300 300 400 400 400 300 200 301 400 500 500 200 100 100 100 101 200 200 100 100 500 500 500 100 500 500 300 300 300 200 300 301 300 202 200 301 202 200 200 100 200 500 400 100 301 200 200 200 202 300 300 300 100 300 300 400 400 100 200 300 300 100 300 301 300 403 200 100 100 500 100 100 200 500 500 200 200 200 200 100 100 100 200 400 200 200 500 500 500 500 
500 100 403 400 403 500 500 403 400 300 300 300 400 400 400 100 300 400 400 500 500 300 400 400 101 200 106 200 200 300 300 301 300 106 100 300 200 200 300 301 300 300 100 200 300 300 200 400 400 400 100 200 300 400 300 400 200 300 300 300 300 300 300 200 300 200 200 400 100 400 304 300 400 400 400 301 200 301 100 100 100 200 200 400 400 200 300 200 300 300 300 200 202 200 200 200 500 202 100 500 
500 400 400 400 400 500 500 500 300 200 300 200 400 100 100 100 300 400 301 300 300 200 200 100 100 101 500 500 200 300 300 300 100 100 200 100 200 300 300 301 300 100 100 300 400 200 400 400 400 300 200 200 100 100 100 400 300 300 200 200 300 400 200 300 100 200 400 100 400 400 400 400 300 100 500 500 100 300 300 100 100 202 403 400 400 200 200 400 200 400 300 300 300 100 100 100 200 200 200 500 
500 400 400 100 400 500 500 300 200 300 300 100 100 100 100 100 300 300 300 100 300 300 405 400 300 500 500 500 500 200 200 200 400 300 300 200 200 100 400 301 300 200 200 300 200 200 500 500 300 300 400 200 200 101 400 300 100 200 200 202 202 400 300 400 100 100 100 100 100 100 400 100 100 100 100 300 400 300 100 500 500 400 100 100 400 300 400 200 200 200 300 300 300 500 100 400 200 200 200 500 
500 202 202 200 100 500 300 300 300 300 200 100 100 300 202 200 200 200 200 100 300 300 300 300 300 500 500 500 400 200 300 300 100 200 200 200 200 400 200 200 200 200 200 100 100 500 500 200 300 100 400 200 200 200 202 100 200 300 300 202 400 400 300 200 200 200 200 100 300 101 100 200 200 200 100 106 100 100 100 100 300 100 100 400 300 301 200 200 200 500 202 301 200 101 300 400 403 101 500 500 
500 200 200 100 300 200 300 400 100 300 200 200 200 300 300 100 202 200 200 200 202 300 300 300 300 300 500 500 200 300 500 300 200 200 400 200 200 100 400 500 500 200 300 301 400 500 500 500 500 500 400 200 200 200 100 400 500 100 500 400 400 300 500 200 200 200 200 300 300 100 200 400 200 101 101 100 300 100 200 200 100 100 300 100 200 500 500 500 500 500 200 300 200 100 200 100 100 500 500 500 
500 200 200 200 200 200 100 300 200 300 300 100 200 300 100 200 200 100 100 200 200 200 300 300 300 300 300 403 200 300 400 300 100 400 400 200 400 405 200 202 500 500 200 403 400 400 500 500 500 500 500 403 101 100 100 400 500 500 500 300 300 300 200 200 500 500 300 300 300 300 300 400 202 100 200 200 200 200 200 200 300 300 100 100 200 500 500 500 500 500 400 200 300 200 304 100 500 500 500 500 
500 202 200 200 200 200 100 200 200 300 100 500 100 500 500 300 200 101 100 500 500 500 300 100 200 300 300 200 300 100 500 300 100 300 300 300 400 202 200 500 500 500 500 400 400 202 200 500 500 500 500 403 300 100 300 300 500 500 500 500 500 100 400 400 200 400 300 300 300 300 405 200 100 100 100 300 200 200 200 200 200 100 300 300 200 500 500 500 500 500 100 304 301 300 300 100 500 500 500 500 
500 200 202 202 500 500 400 200 300 300 200 200 300 500 500 200 100 100 200 500 500 500 300 400 200 300 500 200 200 500 300 100 300 400 200 300 400 500 500 500 500 500 500 200 400 403 403 500 500 500 300 500 100 300 300 200 500 500 500 500 101 300 400 400 400 200 300 300 500 500 400 100 100 100 100 200 200 100 100 200 300 200 300 300 300 500 200 200 200 300 300 100 400 300 300 300 300 500 500 500 
500 500 500 500 500 500 500 400 400 200 200 200 400 500 500 100 100 100 301 200 200 200 100 100 100 500 500 500 200 100 301 300 101 300 300 300 300 500 500 500 500 500 500 500 200 400 500 500 500 500 300 400 200 202 202 300 400 500 500 300 301 300 200 300 200 100 300 500 500 100 100 100 400 400 106 200 200 400 100 300 200 300 301 300 300 300 202 400 300 200 100 400 400 300 300 300 400 100 200 500 
500 100 500 200 500 500 500 500 400 500 500 500 500 500 500 500 200 400 100 200 200 200 100 100 400 202 500 500 500 300 200 300 300 200 300 300 301 300 300 300 500 500 500 500 500 500 500 500 500 500 300 400 200 200 200 400 403 300 300 300 300 202 300 400 100 100 500 500 500 400 300 100 100 100 100 200 400 400 100 200 200 300 300 300 300 200 500 200 200 200 400 300 300 300 200 300 400 200 500 500 
500 100 500 500 500 500 500 500 500 200 500 500 500 500 500 500 101 100 200 200 100 400 200 200 100 100 500 500 500 500 300 400 300 200 200 100 101 300 100 100 200 200 100 500 500 500 500 500 500 200 200 300 400 200 400 400 300 300 200 300 300 100 200 100 300 500 500 301 300 300 100 100 500 200 200 301 300 300 300 403 200 200 300 400 200 200 202 500 200 200 200 300 200 100 200 400 400 500 500 500 
500 500 500 500 500 400 400 400 200 202 500 500 500 500 500 500 100 300 300 100 400 400 200 100 500 500 500 500 500 500 300 400 200 300 202 101 300 200 100 301 300 300 500 500 500 500 500 500 500 500 500 500 200 500 500 200 400 200 200 200 300 300 200 300 300 100 106 100 300 300 500 500 500 400 400 400 300 200 200 200 202 200 400 400 200 301 500 500 200 200 300 100 101 200 301 500 500 500 500 500 
500 500 500 500 100 100 100 100 100 301 200 500 500 500 500 500 300 500 300 300 300 200 200 300 400 400 500 500 500 500 300 200 300 300 100 100 100 300 300 304 301 500 500 500 500 500 500 500 500 500 500 500 500 500 200 400 400 100 200 300 300 400 200 300 300 300 300 300 300 500 500 500 500 500 200 400 300 200 300 200 300 300 500 300 300 300 100 200 200 304 500 500 400 300 100 500 500 500 500 500 
500 500 200 100 100 100 100 100 300 200 100 500 500 500 300 500 500 500 500 500 500 500 300 400 400 400 300 500 500 300 200 400 300 100 300 400 500 500 200 300 300 300 100 500 500 500 500 500 500 500 500 500 200 300 301 400 100 301 300 300 300 300 300 300 300 100 300 300 300 500 500 200 300 400 400 301 300 300 400 300 301 400 300 500 400 300 200 200 100 300 300 500 300 100 100 100 400 500 500 500 
500 500 106 100 100 100 500 500 500 300 200 200 200 200 200 500 500 500 500 304 500 500 500 400 403 400 100 300 300 300 202 400 400 100 400 500 500 400 300 300 100 500 500 500 500 500 500 500 500 500 200 200 200 200 300 300 202 300 300 100 200 301 300 300 300 500 403 300 300 200 202 500 400 500 300 200 300 400 200 200 301 200 200 500 500 500 100 100 300 300 200 200 100 500 500 500 500 500 500 500 
500 500 100 300 200 500 500 500 100 100 300 200 200 200 300 300 500 500 500 500 500 500 500 400 400 300 300 300 200 100 100 500 100 400 200 100 200 300 300 300 500 500 500 500 300 200 200 400 500 500 500 500 500 100 200 200 200 200 101 100 101 100 300 300 400 500 400 100 200 300 300 300 300 300 200 200 300 101 200 100 100 100 300 300 500 300 300 300 400 500 100 200 500 500 500 500 500 200 200 500 
500 500 301 200 500 500 500 500 100 100 300 100 300 300 300 300 100 500 500 500 500 500 500 500 300 200 200 200 100 100 500 500 300 400 300 100 101 300 200 300 100 300 100 300 301 400 200 100 200 200 101 100 100 200 200 200 200 200 100 100 400 202 200 300 400 400 400 400 100 300 300 300 100 200 200 200 403 400 200 200 500 400 400 400 500 300 300 300 300 301 200 100 500 500 500 500 500 500 500 500 
500 500 500 500 500 500 500 500 500 400 400 400 300 300 301 100 500 500 500 500 500 500 500 500 300 200 200 300 500 500 500 500 500 300 300 300 100 100 300 300 100 100 500 500 300 400 101 400 400 300 100 300 300 100 200 200 200 200 200 400 200 400 300 300 100 100 100 500 500 500 100 100 100 100 300 200 300 300 300 300 500 500 500 500 301 200 300 300 300 300 300 500 500 500 500 500 500 500 100 500 
500 500 500 500 500 500 500 500 200 200 200 400 100 100 100 200 500 500 500 500 500 500 500 500 300 200 200 500 500 500 500 500 500 500 300 300 100 301 301 301 301 500 500 500 500 301 100 300 301 300 100 400 200 300 202 200 202 200 100 300 500 500 500 300 300 400 200 500 500 500 500 500 100 100 300 100 100 400 400 200 500 500 500 300 200 100 300 300 301 400 500 500 500 500 500 500 500 200 200 500 
500 500 500 500 500 500 500 500 202 200 200 400 500 300 100 100 500 500 500 500 500 500 500 500 301 200 500 500 500 500 500 500 500 500 300 300 100 300 301 300 400 500 500 500 500 300 100 400 400 400 200 100 300 300 200 200 200 101 100 500 500 500 500 400 400 100 200 500 500 500 500 500 500 500 100 100 100 403 400 300 400 403 300 301 300 200 200 100 400 300 400 100 500 500 500 500 500 200 200 500 
500 500 500 500 500 500 500 301 400 403 500 500 500 100 200 300 500 500 500 500 500 500 500 300 101 100 300 300 200 500 500 500 200 200 100 300 200 300 300 400 200 300 400 500 500 500 300 400 400 400 400 300 400 101 200 200 100 500 500 500 500 500 500 400 100 100 200 500 500 500 500 500 500 100 200 200 200 400 100 500 400 300 300 300 200 403 500 400 200 300 500 500 500 500 500 500 500 500 500 500 
500 500 200 100 200 500 500 300 300 100 500 500 500 500 500 500 500 500 500 500 500 500 500 300 100 300 500 500 500 500 500 500 200 200 200 200 300 202 300 100 300 100 400 400 202 300 300 200 500 500 300 500 100 200 200 500 500 500 500 500 500 500 500 400 100 403 100 100 400 400 500 403 400 200 200 300 301 500 500 500 500 500 405 400 100 400 400 400 500 500 500 500 500 500 200 500 500 500 100 500 
500 100 300 100 500 500 100 100 300 300 500 500 500 500 500 500 500 500 500 500 100 300 300 100 500 500 500 500 500 500 500 200 200 200 200 100 100 300 300 100 300 400 400 400 202 300 300 500 500 500 300 100 100 400 403 400 100 100 100 500 500 500 400 200 200 405 300 300 500 500 500 300 400 200 301 300 300 500 500 500 500 500 400 400 100 400 400 400 500 300 100 100 202 400 300 300 100 100 202 500 
500 400 400 300 200 200 100 500 300 500 500 500 500 400 400 300 500 500 300 300 300 300 200 200 500 500 500 500 500 500 500 101 200 200 100 500 500 403 300 100 100 400 400 500 500 500 500 500 500 500 400 300 100 500 400 400 400 100 100 500 500 500 200 200 300 500 500 500 500 500 500 300 300 300 300 301 500 500 500 500 200 200 400 400 500 400 200 300 300 300 200 500 301 100 100 300 300 200 500 500 
500 100 100 300 200 300 300 202 300 300 500 500 500 200 300 300 100 300 200 200 300 200 200 500 500 500 500 500 500 500 500 200 200 101 500 500 500 300 300 200 200 300 100 500 500 500 500 500 500 500 300 200 200 202 400 400 400 400 400 500 500 500 300 500 500 500 500 500 500 500 500 300 101 300 300 300 500 500 500 300 200 200 300 400 400 400 300 200 200 500 500 500 200 200 200 300 301 202 500 500 
500 500 500 100 100 100 200 300 500 500 500 500 500 101 300 100 100 300 100 200 300 100 200 100 500 500 500 500 500 200 200 200 202 100 500 500 500 100 200 200 100 300 100 500 500 100 300 500 500 200 400 200 200 200 300 400 400 400 500 500 500 300 400 200 400 200 500 500 500 500 500 100 300 200 300 500 500 500 500 300 200 300 300 400 400 400 300 200 200 500 500 500 500 200 200 400 100 300 300 500 
500 500 106 100 100 100 300 200 200 500 500 500 100 100 300 100 500 500 500 100 500 100 200 100 200 500 500 500 100 202 200 200 202 200 500 500 500 500 500 300 300 300 200 200 100 300 304 200 200 200 200 301 200 200 300 400 100 500 500 500 200 400 200 200 300 200 200 500 500 400 500 200 200 200 200 500 500 500 500 300 200 300 400 300 400 300 300 200 200 200 500 500 200 403 400 200 100 200 200 500 
500 500 200 200 202 301 200 200 202 101 500 500 400 200 300 100 200 100 200 500 500 200 200 500 500 500 500 500 400 200 100 100 200 100 200 200 200 500 500 500 500 500 500 200 202 300 300 200 101 200 200 200 200 300 400 400 300 500 500 500 500 500 500 300 300 200 200 100 500 500 500 500 400 300 200 200 500 500 300 300 400 400 400 200 200 200 100 200 100 500 200 200 300 400 400 200 200 100 300 500 
500 500 202 200 200 200 200 200 400 400 100 500 500 500 200 200 101 100 200 200 500 500 500 500 500 500 500 500 400 100 100 300 300 200 200 200 200 200 500 500 500 500 202 200 200 300 300 300 300 200 200 200 304 400 400 500 500 500 500 500 500 500 301 300 300 200 100 100 500 500 500 500 300 200 202 100 500 500 400 100 100 300 500 100 100 200 500 500 200 200 200 200 200 400 200 200 100 100 300 500 
500 500 200 200 300 200 300 300 400 101 100 400 500 200 200 100 100 100 100 100 500 500 500 500 500 500 500 500 400 300 200 300 300 300 400 200 200 500 500 500 400 200 200 200 304 300 500 500 400 300 300 106 400 400 400 500 500 500 500 500 500 500 300 300 200 200 300 300 200 300 300 200 200 200 200 300 200 400 400 300 200 200 400 300 300 200 500 500 200 200 300 400 500 200 400 100 100 500 500 500 
500 100 300 300 200 300 300 500 400 400 300 100 100 200 300 300 300 300 300 100 500 500 100 301 300 300 300 500 500 200 202 100 300 301 400 400 500 500 500 200 202 200 200 200 300 200 300 500 500 300 106 100 400 400 100 403 500 500 500 500 500 500 100 300 500 200 300 200 200 300 200 200 100 100 300 300 202 100 100 200 100 400 400 300 100 300 200 200 300 500 500 301 100 100 100 100 100 200 200 500 
500 100 300 300 300 200 200 500 400 200 300 100 100 300 300 100 300 300 500 500 500 500 500 200 100 300 300 403 400 400 400 200 300 300 300 400 500 500 500 500 400 400 100 100 200 300 300 300 500 500 101 301 300 100 101 300 500 500 500 500 500 300 300 500 500 500 100 500 500 500 500 100 300 300 300 200 200 100 200 100 300 300 500 500 301 200 200 300 200 500 500 500 500 100 300 100 100 101 100 500 
500 200 200 300 400 300 500 500 200 300 100 100 100 500 500 200 202 200 200 400 500 500 500 202 100 200 400 200 400 400 403 200 300 300 200 400 300 500 500 500 200 100 100 200 100 300 300 100 500 500 100 300 300 100 100 300 200 500 500 500 300 301 101 100 500 500 500 500 500 500 400 200 300 200 200 200 200 400 100 100 100 500 500 500 202 200 403 300 200 500 500 500 500 500 200 100 100 400 100 500 
500 200 300 200 400 400 500 500 500 100 100 300 200 500 500 500 200 200 400 400 300 200 200 200 200 100 400 400 300 400 400 400 200 400 403 400 300 300 500 200 500 106 100 100 300 200 300 100 500 500 500 500 300 300 100 200 200 500 500 200 300 300 202 100 500 500 500 500 500 500 200 500 300 100 300 200 200 400 400 300 300 500 500 200 200 100 400 200 500 500 500 500 500 500 100 300 300 400 300 500 
500 500 200 500 400 500 500 500 500 500 300 300 200 500 500 500 500 500 100 100 300 300 300 300 100 400 100 400 300 300 100 200 400 100 403 200 300 300 300 500 500 500 100 101 200 200 300 500 500 500 500 500 500 500 101 200 200 100 300 300 301 200 200 400 500 500 500 500 200 200 300 500 300 300 300 200 300 300 300 300 500 500 500 300 300 300 200 300 500 500 500 500 500 500 500 500 300 400 405 500 
500 500 500 500 500 500 500 500 500 500 300 300 200 200 202 500 500 100 300 300 300 300 100 100 100 100 200 300 300 100 300 400 200 202 301 300 300 300 301 304 300 400 100 400 100 100 300 500 500 500 500 500 500 100 100 200 300 400 200 300 300 300 100 500 500 500 500 500 500 500 500 300 100 200 400 100 300 300 200 500 500 500 300 300 200 200 200 400 400 100 300 500 400 500 500 300 300 400 400 500 
500 500 500 500 500 500 500 500 500 300 300 300 300 200 202 500 500 100 300 100 300 400 403 100 100 200 200 200 300 100 300 300 300 200 403 405 200 300 100 200 200 100 100 300 200 200 300 500 500 500 500 500 100 100 100 202 400 200 200 200 200 200 200 500 500 500 500 500 500 200 200 100 200 400 100 400 100 202 200 500 500 500 500 200 200 200 200 400 100 200 300 100 100 300 300 100 100 200 400 500 
500 500 500 500 500 200 400 500 500 101 300 100 202 200 500 500 500 200 100 300 403 300 100 106 100 101 200 300 300 500 301 400 400 400 400 300 300 300 100 300 200 100 100 300 300 400 300 300 300 300 300 300 300 300 300 300 100 200 100 301 400 304 400 300 500 500 500 200 200 200 200 100 200 100 300 400 100 200 200 202 500 500 500 500 200 200 400 301 200 300 200 300 100 200 100 100 100 200 500 500 
500 500 500 500 400 200 300 500 500 200 400 200 200 100 200 200 200 202 100 300 300 100 101 500 500 400 200 202 200 500 400 400 400 400 200 300 300 300 300 200 500 100 301 300 300 300 300 300 300 200 200 300 301 300 200 300 200 200 300 400 403 400 403 500 500 500 500 200 200 200 200 300 300 200 200 300 200 300 300 100 500 500 500 500 500 300 300 400 200 200 400 400 100 400 300 300 500 500 500 500 
500 500 500 300 400 300 300 500 500 300 400 200 202 200 200 200 200 200 300 300 301 100 500 500 500 200 403 200 200 100 202 400 400 100 300 300 200 400 200 200 300 200 300 200 300 200 200 300 300 500 200 300 300 202 200 200 400 200 100 400 400 400 400 500 500 500 301 400 200 200 200 300 200 200 300 403 300 106 100 500 500 500 500 500 500 300 200 400 300 300 300 400 400 200 200 200 500 500 500 500 
500 500 500 300 300 400 300 500 200 301 200 200 200 300 100 200 300 300 200 200 200 500 500 500 500 500 500 500 100 200 200 403 100 100 405 100 400 403 403 200 200 200 300 300 200 200 200 300 300 200 100 200 200 200 200 100 200 300 200 200 200 400 500 500 500 500 300 300 400 400 301 300 106 200 400 400 202 200 500 500 200 200 200 500 500 200 300 100 500 500 100 300 200 200 200 300 200 500 500 500 
500 500 500 500 300 301 500 500 300 300 300 200 200 300 100 100 300 300 202 100 100 100 500 500 500 500 500 100 202 200 300 100 100 100 403 300 300 300 300 202 200 200 200 200 200 200 200 400 300 300 300 200 200 200 100 400 500 500 500 200 200 200 200 200 200 200 300 300 300 400 400 300 100 200 200 200 202 200 500 500 400 400 300 300 500 200 100 202 100 300 106 100 304 101 300 300 200 200 200 500 
500 500 500 202 300 301 500 500 500 500 500 500 500 500 100 100 100 300 200 106 100 100 500 100 500 500 500 101 200 300 100 100 100 100 300 202 300 300 100 400 200 200 200 200 400 100 400 500 500 301 300 300 400 100 100 500 500 500 500 500 200 200 200 200 200 400 400 400 400 400 500 400 300 202 200 300 200 400 500 100 400 200 200 200 300 300 200 200 100 301 300 300 301 300 200 300 300 300 300 500 
500 500 500 200 300 100 300 500 500 500 500 500 500 500 500 500 100 100 100 200 100 300 300 300 500 500 300 100 100 500 500 500 500 500 500 500 500 400 405 300 100 200 200 500 100 202 200 500 500 500 200 202 100 200 100 300 300 200 400 400 200 200 400 200 403 400 400 400 403 400 400 400 300 300 300 200 500 500 200 100 200 200 202 200 400 400 400 200 301 202 301 300 300 100 300 300 300 300 200 500 
500 500 500 300 100 300 100 500 500 500 300 300 300 500 500 100 100 100 100 500 300 300 300 200 500 500 300 100 500 500 500 500 500 500 500 500 500 200 403 301 300 100 300 500 200 200 300 200 200 200 200 200 200 300 300 300 200 200 100 400 300 405 200 200 400 400 100 200 300 202 300 300 100 300 300 200 500 500 101 200 200 200 200 200 400 400 300 300 100 200 200 300 100 100 300 300 100 200 100 500 
500 200 200 300 300 101 300 300 200 300 106 400 300 500 500 100 100 100 100 106 300 300 200 200 500 100 100 100 301 500 500 500 500 500 500 500 500 500 100 200 202 300 100 300 200 400 403 300 106 200 200 200 300 300 200 300 100 200 100 200 400 400 300 300 500 500 500 100 400 400 400 300 300 400 200 500 500 500 300 301 300 200 200 200 400 200 300 300 300 300 300 100 100 100 300 300 400 300 500 500 
500 500 200 200 100 100 200 400 200 200 200 400 400 500 500 400 100 100 106 200 202 300 500 300 300 100 100 200 400 400 200 500 500 500 500 500 200 200 400 403 200 300 100 300 300 200 300 300 100 200 200 100 300 200 200 100 202 100 100 300 400 202 300 300 500 500 500 400 400 400 400 200 200 400 200 100 100 100 202 100 300 200 200 500 400 200 400 300 300 300 400 400 100 106 300 300 300 300 300 500 
500 500 500 500 300 200 200 200 301 100 200 300 300 400 400 100 100 200 200 400 400 500 400 300 300 100 200 400 300 300 100 100 500 500 500 500 200 300 300 300 400 300 200 200 200 200 200 300 100 200 200 300 300 200 100 300 100 100 300 300 400 400 400 300 200 200 200 100 400 400 400 202 301 400 200 200 100 100 100 300 200 200 200 400 200 400 400 300 500 400 400 400 500 500 200 200 301 301 200 500 
500 500 500 500 500 500 200 100 300 300 101 300 300 400 300 300 400 200 100 400 400 400 300 300 300 300 300 300 304 300 100 300 500 500 500 200 200 200 301 300 300 300 200 300 200 200 500 500 100 200 100 301 300 300 100 100 100 300 300 300 500 500 500 100 500 300 100 100 400 403 400 400 100 300 200 100 500 500 106 300 200 200 400 400 400 403 400 200 400 400 200 200 200 500 500 500 500 300 300 500 
500 200 500 500 500 500 301 100 100 100 100 300 300 500 500 400 400 400 400 300 300 500 300 300 200 301 300 400 400 300 200 400 100 101 200 200 200 200 300 300 300 200 100 202 500 500 500 500 100 100 400 200 300 100 100 100 300 200 300 500 500 500 500 500 500 300 300 200 300 301 400 100 100 500 500 500 500 101 106 300 200 200 200 200 400 500 400 400 400 200 200 200 200 200 500 500 300 100 100 500 
500 200 106 500 500 500 500 100 200 200 300 300 300 300 500 400 400 202 300 100 500 500 100 300 300 500 500 500 300 300 400 400 301 100 200 200 200 300 100 100 202 200 200 100 500 500 500 300 400 400 400 500 500 300 100 100 200 301 200 200 301 500 500 500 500 301 300 200 300 400 100 100 100 300 500 500 500 100 200 200 400 200 200 200 500 500 400 100 100 200 200 200 100 300 300 500 300 200 100 500 
500 500 500 500 500 500 500 500 500 500 500 500 100 300 300 400 500 200 100 300 500 500 500 500 500 500 500 300 500 300 400 400 400 300 200 200 200 500 200 200 200 300 300 200 200 500 500 500 400 400 400 200 100 400 100 200 300 300 400 300 400 200 500 500 500 300 400 300 300 300 100 100 100 300 500 500 100 500 200 400 400 400 200 200 500 400 403 400 200 200 200 200 403 400 500 301 200 300 100 500 
500 500 500 500 500 500 500 500 500 500 500 202 200 300 400 500 500 500 500 500 500 500 500 500 500 500 500 500 500 200 300 300 400 200 200 200 300 300 200 200 200 300 200 200 100 200 200 202 400 400 400 200 200 200 100 300 100 400 400 200 200 300 200 500 500 500 500 500 300 100 100 100 100 300 301 500 500 500 403 400 100 300 400 400 200 200 200 202 200 300 200 200 400 500 300 101 100 500 500 500 
500 200 500 500 500 500 500 100 300 200 500 500 500 300 500 500 500 500 500 500 500 100 100 300 500 500 500 500 500 100 100 200 403 200 200 300 300 400 300 300 100 200 202 200 202 200 200 300 200 300 300 100 200 100 100 100 101 400 100 400 400 500 500 500 500 500 500 500 106 200 200 200 200 300 200 200 400 400 400 101 100 400 400 300 200 100 202 300 300 300 300 200 500 500 500 500 500 500 500 500 
500 500 500 500 500 500 500 300 400 500 500 500 500 500 100 500 500 500 500 500 300 100 300 400 500 500 500 300 300 300 100 300 300 300 300 300 100 100 200 100 100 101 100 100 200 200 200 300 100 300 300 100 100 500 500 100 100 100 403 400 500 500 500 500 500 500 500 200 100 101 300 300 300 301 100 200 400 400 100 400 400 400 400 200 400 100 300 200 500 500 500 500 500 500 500 500 500 500 500 500 
500 500 200 100 100 100 300 500 500 500 500 500 500 500 500 500 500 500 400 202 300 300 400 200 200 202 200 304 300 400 300 300 300 400 300 100 100 400 200 500 500 100 200 200 200 200 500 500 300 200 300 300 300 300 200 300 300 300 300 100 500 500 500 500 500 500 500 200 100 100 300 300 301 300 100 100 400 400 400 400 400 400 300 300 100 100 100 200 300 500 500 500 200 200 200 300 301 500 500 500 
500 500 200 200 200 100 500 500 500 500 500 500 500 500 500 500 400 300 500 100 300 100 100 200 200 200 200 300 400 200 300 100 300 300 300 300 300 400 500 500 500 500 500 300 200 300 200 100 100 200 300 300 300 200 100 200 300 300 300 200 500 500 500 500 300 500 200 200 200 100 300 100 100 300 200 100 300 300 400 400 400 100 100 100 100 100 100 100 300 202 200 200 200 200 101 100 500 500 500 500 
500 500 200 200 100 100 100 100 500 500 500 500 500 500 500 500 500 500 500 300 300 100 100 200 200 100 300 300 100 200 300 300 500 500 300 300 200 200 200 300 500 500 100 100 100 300 400 200 200 200 202 100 200 100 100 300 400 400 200 200 200 100 400 200 300 200 500 300 100 300 300 200 500 500 101 100 200 300 300 200 400 400 400 100 200 202 100 100 100 400 200 200 200 100 200 500 500 500 500 500 
500 500 500 100 100 300 300 101 101 100 200 300 200 300 500 500 500 500 500 100 300 300 300 200 200 200 200 100 400 300 400 300 100 300 300 200 200 200 300 300 500 500 400 100 400 200 400 300 500 500 100 101 200 200 100 400 400 400 403 200 200 200 200 200 300 200 200 100 300 300 400 301 500 500 100 100 100 300 300 400 300 400 403 300 300 100 100 300 400 400 403 300 100 300 200 200 500 500 500 500 
500 500 500 200 100 100 100 100 400 100 101 200 200 100 101 500 500 500 500 202 300 300 300 200 200 200 100 100 400 400 400 400 300 300 200 200 200 200 500 500 500 500 500 500 200 200 200 500 500 500 500 500 202 100 200 100 100 403 400 200 500 200 200 106 400 200 200 200 200 400 400 100 300 300 100 100 100 300 300 300 200 400 400 400 200 100 400 301 400 200 300 300 100 400 200 200 300 100 100 500 
500 500 500 200 300 100 100 500 500 500 500 200 200 101 500 500 500 500 200 100 100 200 200 200 200 200 300 100 101 100 400 400 400 200 100 200 200 200 200 500 500 500 500 500 200 200 200 500 500 500 500 500 500 200 200 200 300 100 300 400 500 500 300 100 300 200 200 200 400 500 200 200 300 100 500 200 500 500 500 400 400 400 403 100 100 300 300 300 200 200 200 300 301 300 300 300 300 100 100 500 
500 500 400 200 100 101 405 500 500 500 500 200 100 500 500 106 100 100 300 300 200 200 200 500 200 100 200 101 100 100 100 100 300 200 200 100 200 200 500 500 500 500 101 300 300 300 500 500 300 500 500 500 500 500 101 200 300 100 100 100 500 500 500 300 300 100 400 200 200 200 200 202 200 300 500 500 500 500 400 400 400 400 400 100 100 100 300 200 200 202 200 300 300 500 500 500 500 500 500 500 
500 100 400 300 100 500 500 500 500 500 200 200 200 300 200 100 100 300 400 200 200 200 200 300 300 200 300 100 100 100 100 100 200 200 100 300 500 500 500 500 500 500 500 106 100 500 500 300 300 300 500 500 500 500 100 300 100 100 100 400 500 500 500 405 101 300 202 400 200 300 100 200 200 100 500 500 500 500 500 100 200 400 400 100 100 400 301 400 300 200 100 301 300 300 106 500 500 500 300 500 
500 100 100 300 100 300 500 500 500 500 500 200 200 202 100 100 300 300 200 200 200 200 100 400 400 300 200 100 100 400 100 500 500 200 202 100 202 200 500 500 500 500 500 100 101 100 100 300 106 300 500 500 500 300 300 300 100 100 300 500 400 500 100 200 200 200 100 200 200 301 200 200 300 500 400 500 500 500 500 200 200 200 200 400 400 300 300 100 200 200 200 200 400 100 100 500 500 500 500 500 
500 500 500 500 500 500 500 500 500 500 500 500 500 500 500 500 500 500 500 500 500 500 500 500 500 500 500 500 500 500 500 500 500 500 500 500 500 500 500 500 500 500 500 500 500 500 500 500 500 500 500 500 500 500 500 500 500 500 500 500 500 500 500 500 500 500 500 500 500 500 500 500 500 500 500 500 500 500 500 500 500 500 500 500 500 500 500 500 500 500 500 500 500 500 500 500 500 500 500 500 
=============================0 0 0 0 0 0 0 0 0 0 0 0 0 0 0 0 0 0 0 0 0 0 0 0 0 0 0 0 0 0 0 0 0 0 0 0 0 0 0 0 0 0 0 0 0 0 0 0 0 0 0 0 0 0 0 0 0 0 0 0 0 0 0 0 0 0 0 0 0 0 0 0 0 0 0 0 0 0 0 0 0 0 0 0 0 0 0 0 0 0 0 0 0 0 0 0 0 0 0 0 
0 0 0 0 0 0 0 0 0 0 0 0 0 0 0 0 0 0 0 0 0 0 0 0 0 0 0 0 0 0 0 0 0 0 0 0 0 0 0 0 0 0 0 0 0 0 0 0 0 0 0 0 0 0 0 0 0 0 0 0 0 0 0 0 0 0 0 0 0 0 0 0 0 0 0 0 0 0 0 0 0 0 0 0 0 0 0 0 0 0 0 0 0 0 0 0 0 0 0 0 
0 0 0 0 0 0 0 0 0 0 0 0 0 0 0 0 0 0 0 0 0 0 0 0 0 0 0 0 0 0 0 0 0 0 0 0 0 0 0 0 0 0 0 0 0 0 0 0 0 0 0 0 0 0 0 0 0 0 0 0 0 0 0 0 0 0 0 0 0 0 0 0 0 0 0 0 0 0 0 0 0 0 0 0 0 0 0 0 0 0 0 0 0 0 0 0 0 0 0 0 
0 0 0 203 0 0 0 0 0 0 0 0 0 0 0 0 0 0 0 0 0 0 0 0 0 0 0 0 0 0 0 0 0 0 0 0 0 0 0 0 0 0 0 0 0 0 0 0 0 0 0 0 0 0 0 0 0 0 0 0 0 0 0 0 0 0 0 0 0 0 0 0 0 0 0 0 0 0 0 0 0 0 0 0 0 0 0 0 0 0 0 0 0 0 0 0 0 0 0 0 
0 0 0 0 202 101 0 0 0 0 0 0 0 0 0 0 0 0 0 0 0 0 0 0 0 0 0 0 0 0 0 0 0 0 0 0 0 0 0 0 0 0 0 0 0 0 0 0 0 0 0 0 0 0 0 0 0 0 0 0 0 0 0 0 0 0 0 0 0 0 0 0 0 0 0 0 0 0 0 0 0 0 0 0 0 0 0 0 0 0 0 0 0 0 0 0 0 0 0 0 
0 0 0 0 0 301 250 0 0 0 0 0 0 0 0 0 0 0 0 0 0 0 0 0 0 0 0 0 0 0 0 0 0 0 0 0 0 0 0 0 0 0 0 0 0 0 0 0 0 0 0 0 0 0 0 0 0 0 0 0 0 0 0 0 0 0 0 0 0 0 0 0 0 0 0 0 0 0 0 0 0 0 0 0 0 0 0 0 0 0 0 0 0 0 0 0 0 0 0 0 
0 0 0 0 0 0 303 0 0 0 0 0 0 0 0 0 0 0 0 0 0 0 0 0 0 0 0 0 0 0 0 0 0 0 0 0 0 0 0 0 0 0 0 0 0 0 0 0 0 0 0 0 0 0 0 0 0 0 0 0 0 0 0 0 0 0 0 0 0 0 0 0 0 0 0 0 0 0 0 0 0 0 0 0 0 0 0 0 0 0 0 0 0 0 0 0 0 0 0 0 
0 0 0 0 0 0 0 0 0 0 0 0 0 0 0 0 0 0 0 0 0 0 0 0 0 0 0 0 0 0 0 0 0 0 0 0 0 0 0 0 0 0 0 0 0 0 0 0 0 0 0 0 0 0 0 0 0 0 0 0 0 0 0 0 0 0 0 0 0 0 0 0 0 0 0 0 0 0 0 0 0 0 0 0 0 0 0 0 0 0 0 0 0 0 0 0 0 0 0 0 
0 0 0 0 0 0 0 0 0 0 0 0 0 0 0 0 0 0 0 0 0 0 0 0 0 0 0 0 0 0 0 0 0 0 0 0 0 0 0 0 0 0 0 0 0 0 0 0 0 0 0 0 0 0 0 0 0 0 0 0 0 0 0 0 0 0 0 0 0 0 0 0 0 0 0 0 0 0 0 0 0 0 0 0 0 0 0 0 0 0 0 0 0 0 0 0 0 0 0 0 
0 0 0 0 0 0 0 0 0 0 0 0 0 0 0 0 0 0 0 0 0 0 0 0 0 0 0 0 0 0 0 0 0 0 0 0 0 0 0 0 0 0 0 0 0 0 0 0 0 0 0 0 0 0 0 0 0 0 0 0 0 0 0 0 0 0 0 0 0 0 0 0 0 0 0 0 0 0 0 0 0 0 0 0 0 0 0 0 0 0 0 0 0 0 0 0 0 0 0 0 
0 0 0 0 0 0 0 0 0 0 0 0 0 0 0 0 0 0 0 0 0 0 0 0 0 0 0 0 0 0 0 0 0 0 0 0 0 0 0 0 0 0 0 0 0 0 0 0 0 0 0 0 0 0 0 0 0 0 0 0 0 0 0 0 0 0 0 0 0 0 0 0 0 0 0 0 0 0 0 0 0 0 0 0 0 0 0 0 0 0 0 0 0 0 0 0 0 0 0 0 
0 0 0 0 0 0 0 0 0 0 0 0 0 0 0 0 0 0 0 0 0 0 0 0 0 0 0 0 0 0 0 0 0 0 0 0 0 0 0 0 0 0 0 0 0 0 0 0 0 0 0 0 0 0 0 0 0 0 0 0 0 0 0 0 0 0 0 0 0 0 0 0 0 0 0 0 0 0 0 0 0 0 0 0 0 0 0 0 0 0 0 0 0 0 0 0 0 0 0 0 
0 0 0 0 0 0 0 0 0 0 0 0 0 0 0 0 0 0 0 0 0 0 0 0 0 0 0 0 0 0 0 0 0 0 0 0 0 0 0 0 0 0 0 0 0 0 0 0 0 0 0 0 0 0 0 0 0 0 0 0 0 0 0 0 0 0 0 0 0 0 0 0 0 0 0 0 0 0 0 0 0 0 0 0 0 0 0 0 0 0 0 0 0 0 0 0 0 0 0 0 
0 0 0 0 0 0 0 0 0 0 0 0 0 0 0 0 0 0 0 0 0 0 0 0 0 0 0 0 0 0 0 0 0 0 0 0 0 0 0 0 0 0 0 0 0 0 0 0 0 0 0 0 0 0 0 0 0 0 0 0 0 0 0 0 0 0 0 0 0 0 0 0 0 0 0 0 0 0 0 0 0 0 0 0 0 0 0 0 0 0 0 0 0 0 0 0 0 0 0 0 
0 0 0 0 0 0 0 0 0 0 0 0 0 0 0 0 0 0 0 0 0 0 0 0 0 0 0 0 0 0 0 0 0 0 0 0 0 0 0 0 0 0 0 0 0 0 0 0 0 0 0 0 0 0 0 0 0 0 0 0 0 0 0 0 0 0 0 0 0 0 0 0 0 0 0 0 0 0 0 0 0 0 0 0 0 0 0 0 0 0 0 0 0 0 0 0 0 0 0 0 
0 0 0 0 0 0 0 0 0 0 0 0 0 0 0 0 0 0 0 0 0 0 0 0 0 0 0 0 0 0 0 0 0 0 0 0 0 0 0 0 0 0 0 0 0 0 0 0 0 0 0 0 0 0 0 0 0 0 0 0 0 0 0 0 0 0 0 0 0 0 0 0 0 0 0 0 0 0 0 0 0 0 0 0 0 0 0 0 0 0 0 0 0 0 0 0 0 0 0 0 
0 0 0 0 0 0 0 0 0 0 0 0 0 0 0 0 0 0 0 0 0 0 0 0 0 0 0 0 0 0 0 0 0 0 0 0 0 0 0 0 0 0 0 0 0 0 0 0 0 0 0 0 0 0 0 0 0 0 0 0 0 0 0 0 0 0 0 0 0 0 0 0 0 0 0 0 0 0 0 0 0 0 0 0 0 0 0 0 0 0 0 0 0 0 0 0 0 0 0 0 
0 0 0 0 0 0 0 0 0 0 0 0 0 0 0 0 0 0 0 0 0 0 0 0 0 0 0 0 0 0 0 0 0 0 0 0 0 0 0 0 0 0 0 0 0 0 0 0 0 0 0 0 0 0 0 0 0 0 0 0 0 0 0 0 0 0 0 0 0 0 0 0 0 0 0 0 0 0 0 0 0 0 0 0 0 0 0 0 0 0 0 0 0 0 0 0 0 0 0 0 
0 0 0 0 0 0 0 0 0 0 0 0 0 0 0 0 0 0 0 0 0 0 0 0 0 0 0 0 0 0 0 0 0 0 0 0 0 0 0 0 0 0 0 0 0 0 0 0 0 0 0 0 0 0 0 0 0 0 0 0 0 0 0 0 0 0 0 0 0 0 0 0 0 0 0 0 0 0 0 0 0 0 0 0 0 0 0 0 0 0 0 0 0 0 0 0 0 0 0 0 
0 0 0 0 0 0 0 0 0 0 0 0 0 0 0 0 0 0 0 0 0 0 0 0 0 0 0 0 0 0 0 0 0 0 0 0 0 0 0 0 0 0 0 0 0 0 0 0 0 0 0 0 0 0 0 0 0 0 0 0 0 0 0 0 0 0 0 0 0 0 0 0 0 0 0 0 0 0 0 0 0 0 0 0 0 0 0 0 0 0 0 0 0 0 0 0 0 0 0 0 
0 0 0 0 0 0 0 0 0 0 0 0 0 0 0 0 0 0 0 0 0 0 0 0 0 0 0 0 0 0 0 0 0 0 0 0 0 0 0 0 0 0 0 0 0 0 0 0 0 0 0 0 0 0 0 0 0 0 0 0 0 0 0 0 0 0 0 0 0 0 0 0 0 0 0 0 0 0 0 0 0 0 0 0 0 0 0 0 0 0 0 0 0 0 0 0 0 0 0 0 
0 0 0 0 0 0 0 0 0 0 0 0 0 0 0 0 0 0 0 0 0 0 0 0 0 0 0 0 0 0 0 0 0 0 0 0 0 0 0 0 0 0 0 0 0 0 0 0 0 0 0 0 0 0 0 0 0 0 0 0 0 0 0 0 0 0 0 0 0 0 0 0 0 0 0 0 0 0 0 0 0 0 0 0 0 0 0 0 0 0 0 0 0 0 0 0 0 0 0 0 
0 0 0 0 0 0 0 0 0 0 0 0 0 0 0 0 0 0 0 0 0 0 0 0 0 0 0 0 0 0 0 0 0 0 0 0 0 0 0 0 0 0 0 0 0 0 0 0 0 0 0 0 0 0 0 0 0 0 0 0 0 0 0 0 0 0 0 0 0 0 0 0 0 0 0 0 0 0 0 0 0 0 0 0 0 0 0 0 0 0 0 0 0 0 0 0 0 0 0 0 
0 0 0 0 0 0 0 0 0 0 0 0 0 0 0 0 0 0 0 0 0 0 0 0 0 0 0 0 0 0 0 0 0 0 0 0 0 0 0 0 0 0 0 0 0 0 0 0 0 0 0 0 0 0 0 0 0 0 0 0 0 0 0 0 0 0 0 0 0 0 0 0 0 0 0 0 0 0 0 0 0 0 0 0 0 0 0 0 0 0 0 0 0 0 0 0 0 0 0 0 
0 0 0 0 0 0 0 0 0 0 0 0 0 0 0 0 0 0 0 0 0 0 0 0 0 0 0 0 0 0 0 0 0 0 0 0 0 0 0 0 0 0 0 0 0 0 0 0 0 0 0 0 0 0 0 0 0 0 0 0 0 0 0 0 0 0 0 0 0 0 0 0 0 0 0 0 0 0 0 0 0 0 0 0 0 0 0 0 0 0 0 0 0 0 0 0 0 0 0 0 
0 0 0 0 0 0 0 0 0 0 0 0 0 0 0 0 0 0 0 0 0 0 0 0 0 0 0 0 0 0 0 0 0 0 0 0 0 0 0 0 0 0 0 0 0 0 0 0 0 0 0 0 0 0 0 0 0 0 0 0 0 0 0 0 0 0 0 0 0 0 0 0 0 0 0 0 0 0 0 0 0 0 0 0 0 0 0 0 0 0 0 0 0 0 0 0 0 0 0 0 
0 0 0 0 0 0 0 0 0 0 0 0 0 0 0 0 0 0 0 0 0 0 0 0 0 0 0 0 0 0 0 0 0 0 0 0 0 0 0 0 0 0 0 0 0 0 0 0 0 0 0 0 0 0 0 0 0 0 0 0 0 0 0 0 0 0 0 0 0 0 0 0 0 0 0 0 0 0 0 0 0 0 0 0 0 0 0 0 0 0 0 0 0 0 0 0 0 0 0 0 
0 0 0 0 0 0 0 0 0 0 0 0 0 0 0 0 0 0 0 0 0 0 0 0 0 0 0 0 0 0 0 0 0 0 0 0 0 0 0 0 0 0 0 0 0 0 0 0 0 0 0 0 0 0 0 0 0 0 0 0 0 0 0 0 0 0 0 0 0 0 0 0 0 0 0 0 0 0 0 0 0 0 0 0 0 0 0 0 0 0 0 0 0 0 0 0 0 0 0 0 
0 0 0 0 0 0 0 0 0 0 0 0 0 0 0 0 0 0 0 0 0 0 0 0 0 0 0 0 0 0 0 0 0 0 0 0 0 0 0 0 0 0 0 0 0 0 0 0 0 0 0 0 0 0 0 0 0 0 0 0 0 0 0 0 0 0 0 0 0 0 0 0 0 0 0 0 0 0 0 0 0 0 0 0 0 0 0 0 0 0 0 0 0 0 0 0 0 0 0 0 
0 0 0 0 0 0 0 0 0 0 0 0 0 0 0 0 0 0 0 0 0 0 0 0 0 0 0 0 0 0 0 0 0 0 0 0 0 0 0 0 0 0 0 0 0 0 0 0 0 0 0 0 0 0 0 0 0 0 0 0 0 0 0 0 0 0 0 0 0 0 0 0 0 0 0 0 0 0 0 0 0 0 0 0 0 0 0 0 0 0 0 0 0 0 0 0 0 0 0 0 
0 0 0 0 0 0 0 0 0 0 0 0 0 0 0 0 0 0 0 0 0 0 0 0 0 0 0 0 0 0 0 0 0 0 0 0 0 0 0 0 0 0 0 0 0 0 0 0 0 0 0 0 0 0 0 0 0 0 0 0 0 0 0 0 0 0 0 0 0 0 0 0 0 0 0 0 0 0 0 0 0 0 0 0 0 0 0 0 0 0 0 0 0 0 0 0 0 0 0 0 
0 0 0 0 0 0 0 0 0 0 0 0 0 0 0 0 0 0 0 0 0 0 0 0 0 0 0 0 0 0 0 0 0 0 0 0 0 0 0 0 0 0 0 0 0 0 0 0 0 0 0 0 0 0 0 0 0 0 0 0 0 0 0 0 0 0 0 0 0 0 0 0 0 0 0 0 0 0 0 0 0 0 0 0 0 0 0 0 0 0 0 0 0 0 0 0 0 0 0 0 
0 0 0 0 0 0 0 0 0 0 0 0 0 0 0 0 0 0 0 0 0 0 0 0 0 0 0 0 0 0 0 0 0 0 0 0 0 0 0 0 0 0 0 0 0 0 0 0 0 0 0 0 0 0 0 0 0 0 0 0 0 0 0 0 0 0 0 0 0 0 0 0 0 0 0 0 0 0 0 0 0 0 0 0 0 0 0 0 0 0 0 0 0 0 0 0 0 0 0 0 
0 0 0 0 0 0 0 0 0 0 0 0 0 0 0 0 0 0 0 0 0 0 0 0 0 0 0 0 0 0 0 0 0 0 0 0 0 0 0 0 0 0 0 0 0 0 0 0 0 0 0 0 0 0 0 0 0 0 0 0 0 0 0 0 0 0 0 0 0 0 0 0 0 0 0 0 0 0 0 0 0 0 0 0 0 0 0 0 0 0 0 0 0 0 0 0 0 0 0 0 
0 0 0 0 0 0 0 0 0 0 0 0 0 0 0 0 0 0 0 0 0 0 0 0 0 0 0 0 0 0 0 0 0 0 0 0 0 0 0 0 0 0 0 0 0 0 0 0 0 0 0 0 0 0 0 0 0 0 0 0 0 0 0 0 0 0 0 0 0 0 0 0 0 0 0 0 0 0 0 0 0 0 0 0 0 0 0 0 0 0 0 0 0 0 0 0 0 0 0 0 
0 0 0 0 0 0 0 0 0 0 0 0 0 0 0 0 0 0 0 0 0 0 0 0 0 0 0 0 0 0 0 0 0 0 0 0 0 0 0 0 0 0 0 0 0 0 0 0 0 0 0 0 0 0 0 0 0 0 0 0 0 0 0 0 0 0 0 0 0 0 0 0 0 0 0 0 0 0 0 0 0 0 0 0 0 0 0 0 0 0 0 0 0 0 0 0 0 0 0 0 
0 0 0 0 0 0 0 0 0 0 0 0 0 0 0 0 0 0 0 0 0 0 0 0 0 0 0 0 0 0 0 0 0 0 0 0 0 0 0 0 0 0 0 0 0 0 0 0 0 0 0 0 0 0 0 0 0 0 0 0 0 0 0 0 0 0 0 0 0 0 0 0 0 0 0 0 0 0 0 0 0 0 0 0 0 0 0 0 0 0 0 0 0 0 0 0 0 0 0 0 
0 0 0 0 0 0 0 0 0 0 0 0 0 0 0 0 0 0 0 0 0 0 0 0 0 0 0 0 0 0 0 0 0 0 0 0 0 0 0 0 0 0 0 0 0 0 0 0 0 0 0 0 0 0 0 0 0 0 0 0 0 0 0 0 0 0 0 0 0 0 0 0 0 0 0 0 0 0 0 0 0 0 0 0 0 0 0 0 0 0 0 0 0 0 0 0 0 0 0 0 
0 0 0 0 0 0 0 0 0 0 0 0 0 0 0 0 0 0 0 0 0 0 0 0 0 0 0 0 0 0 0 0 0 0 0 0 0 0 0 0 0 0 0 0 0 0 0 0 0 0 0 0 0 0 0 0 0 0 0 0 0 0 0 0 0 0 0 0 0 0 0 0 0 0 0 0 0 0 0 0 0 0 0 0 0 0 0 0 0 0 0 0 0 0 0 0 0 0 0 0 
0 0 0 0 0 0 0 0 0 0 0 0 0 0 0 0 0 0 0 0 0 0 0 0 0 0 0 0 0 0 0 0 0 0 0 0 0 0 0 0 0 0 0 0 0 0 0 0 0 0 0 0 0 0 0 0 0 0 0 0 0 0 0 0 0 0 0 0 0 0 0 0 0 0 0 0 0 0 0 0 0 0 0 0 0 0 0 0 0 0 0 0 0 0 0 0 0 0 0 0 
0 0 0 0 0 0 0 0 0 0 0 0 0 0 0 0 0 0 0 0 0 0 0 0 0 0 0 0 0 0 0 0 0 0 0 0 0 0 0 0 0 0 0 0 0 0 0 0 0 0 0 0 0 0 0 0 0 0 0 0 0 0 0 0 0 0 0 0 0 0 0 0 0 0 0 0 0 0 0 0 0 0 0 0 0 0 0 0 0 0 0 0 0 0 0 0 0 0 0 0 
0 0 0 0 0 0 0 0 0 0 0 0 0 0 0 0 0 0 0 0 0 0 0 0 0 0 0 0 0 0 0 0 0 0 0 0 0 0 0 0 0 0 0 0 0 0 0 0 0 0 0 0 0 0 0 0 0 0 0 0 0 0 0 0 0 0 0 0 0 0 0 0 0 0 0 0 0 0 0 0 0 0 0 0 0 0 0 0 0 0 0 0 0 0 0 0 0 0 0 0 
0 0 0 0 0 0 0 0 0 0 0 0 0 0 0 0 0 0 0 0 0 0 0 0 0 0 0 0 0 0 0 0 0 0 0 0 0 0 0 0 0 0 0 0 0 0 0 0 0 0 0 0 0 0 0 0 0 0 0 0 0 0 0 0 0 0 0 0 0 0 0 0 0 0 0 0 0 0 0 0 0 0 0 0 0 0 0 0 0 0 0 0 0 0 0 0 0 0 0 0 
0 0 0 0 0 0 0 0 0 0 0 0 0 0 0 0 0 0 0 0 0 0 0 0 0 0 0 0 0 0 0 0 0 0 0 0 0 0 0 0 0 0 0 0 0 0 0 0 0 0 0 0 0 0 0 0 0 0 0 0 0 0 0 0 0 0 0 0 0 0 0 0 0 0 0 0 0 0 0 0 0 0 0 0 0 0 0 0 0 0 0 0 0 0 0 0 0 0 0 0 
0 0 0 0 0 0 0 0 0 0 0 0 0 0 0 0 0 0 0 0 0 0 0 0 0 0 0 0 0 0 0 0 0 0 0 0 0 0 0 0 0 0 0 0 0 0 0 0 0 0 0 0 0 0 0 0 0 0 0 0 0 0 0 0 0 0 0 0 0 0 0 0 0 0 0 0 0 0 0 0 0 0 0 0 0 0 0 0 0 0 0 0 0 0 0 0 0 0 0 0 
0 0 0 0 0 0 0 0 0 0 0 0 0 0 0 0 0 0 0 0 0 0 0 0 0 0 0 0 0 0 0 0 0 0 0 0 0 0 0 0 0 0 0 0 0 0 0 0 0 0 0 0 0 0 0 0 0 0 0 0 0 0 0 0 0 0 0 0 0 0 0 0 0 0 0 0 0 0 0 0 0 0 0 0 0 0 0 0 0 0 0 0 0 0 0 0 0 0 0 0 
0 0 0 0 0 0 0 0 0 0 0 0 0 0 0 0 0 0 0 0 0 0 0 0 0 0 0 0 0 0 0 0 0 0 0 0 0 0 0 0 0 0 0 0 0 0 0 0 0 0 0 0 0 0 0 0 0 0 0 0 0 0 0 0 0 0 0 0 0 0 0 0 0 0 0 0 0 0 0 0 0 0 0 0 0 0 0 0 0 0 0 0 0 0 0 0 0 0 0 0 
0 0 0 0 0 0 0 0 0 0 0 0 0 0 0 0 0 0 0 0 0 0 0 0 0 0 0 0 0 0 0 0 0 0 0 0 0 0 0 0 0 0 0 0 0 0 0 0 0 0 0 0 0 0 0 0 0 0 0 0 0 0 0 0 0 0 0 0 0 0 0 0 0 0 0 0 0 0 0 0 0 0 0 0 0 0 0 0 0 0 0 0 0 0 0 0 0 0 0 0 
0 0 0 0 0 0 0 0 0 0 0 0 0 0 0 0 0 0 0 0 0 0 0 0 0 0 0 0 0 0 0 0 0 0 0 0 0 0 0 0 0 0 0 0 0 0 0 0 0 0 0 0 0 0 0 0 0 0 0 0 0 0 0 0 0 0 0 0 0 0 0 0 0 0 0 0 0 0 0 0 0 0 0 0 0 0 0 0 0 0 0 0 0 0 0 0 0 0 0 0 
0 0 0 0 0 0 0 0 0 0 0 0 0 0 0 0 0 0 0 0 0 0 0 0 0 0 0 0 0 0 0 0 0 0 0 0 0 0 0 0 0 0 0 0 0 0 0 0 0 0 0 0 0 0 0 0 0 0 0 0 0 0 0 0 0 0 0 0 0 0 0 0 0 0 0 0 0 0 0 0 0 0 0 0 0 0 0 0 0 0 0 0 0 0 0 0 0 0 0 0 
0 0 0 0 0 0 0 0 0 0 0 0 0 0 0 0 0 0 0 0 0 0 0 0 0 0 0 0 0 0 0 0 0 0 0 0 0 0 0 0 0 0 0 0 0 0 0 0 0 0 0 0 0 0 0 0 0 0 0 0 0 0 0 0 0 0 0 0 0 0 0 0 0 0 0 0 0 0 0 0 0 0 0 0 0 0 0 0 0 0 0 0 0 0 0 0 0 0 0 0 
0 0 0 0 0 0 0 0 0 0 0 0 0 0 0 0 0 0 0 0 0 0 0 0 0 0 0 0 0 0 0 0 0 0 0 0 0 0 0 0 0 0 0 0 0 0 0 0 0 0 0 0 0 0 0 0 0 0 0 0 0 0 0 0 0 0 0 0 0 0 0 0 0 0 0 0 0 0 0 0 0 0 0 0 0 0 0 0 0 0 0 0 0 0 0 0 0 0 0 0 
0 0 0 0 0 0 0 0 0 0 0 0 0 0 0 0 0 0 0 0 0 0 0 0 0 0 0 0 0 0 0 0 0 0 0 0 0 0 0 0 0 0 0 0 0 0 0 0 0 0 0 0 0 0 0 0 0 0 0 0 0 0 0 0 0 0 0 0 0 0 0 0 0 0 0 0 0 0 0 0 0 0 0 0 0 0 0 0 0 0 0 0 0 0 0 0 0 0 0 0 
0 0 0 0 0 0 0 0 0 0 0 0 0 0 0 0 0 0 0 0 0 0 0 0 0 0 0 0 0 0 0 0 0 0 0 0 0 0 0 0 0 0 0 0 0 0 0 0 0 0 0 0 0 0 0 0 0 0 0 0 0 0 0 0 0 0 0 0 0 0 0 0 0 0 0 0 0 0 0 0 0 0 0 0 0 0 0 0 0 0 0 0 0 0 0 0 0 0 0 0 
0 0 0 0 0 0 0 0 0 0 0 0 0 0 0 0 0 0 0 0 0 0 0 0 0 0 0 0 0 0 0 0 0 0 0 0 0 0 0 0 0 0 0 0 0 0 0 0 0 0 0 0 0 0 0 0 0 0 0 0 0 0 0 0 0 0 0 0 0 0 0 0 0 0 0 0 0 0 0 0 0 0 0 0 0 0 0 0 0 0 0 0 0 0 0 0 0 0 0 0 
0 0 0 0 0 0 0 0 0 0 0 0 0 0 0 0 0 0 0 0 0 0 0 0 0 0 0 0 0 0 0 0 0 0 0 0 0 0 0 0 0 0 0 0 0 0 0 0 0 0 0 0 0 0 0 0 0 0 0 0 0 0 0 0 0 0 0 0 0 0 0 0 0 0 0 0 0 0 0 0 0 0 0 0 0 0 0 0 0 0 0 0 0 0 0 0 0 0 0 0 
0 0 0 0 0 0 0 0 0 0 0 0 0 0 0 0 0 0 0 0 0 0 0 0 0 0 0 0 0 0 0 0 0 0 0 0 0 0 0 0 0 0 0 0 0 0 0 0 0 0 0 0 0 0 0 0 0 0 0 0 0 0 0 0 0 0 0 0 0 0 0 0 0 0 0 0 0 0 0 0 0 0 0 0 0 0 0 0 0 0 0 0 0 0 0 0 0 0 0 0 
0 0 0 0 0 0 0 0 0 0 0 0 0 0 0 0 0 0 0 0 0 0 0 0 0 0 0 0 0 0 0 0 0 0 0 0 0 0 0 0 0 0 0 0 0 0 0 0 0 0 0 0 0 0 0 0 0 0 0 0 0 0 0 0 0 0 0 0 0 0 0 0 0 0 0 0 0 0 0 0 0 0 0 0 0 0 0 0 0 0 0 0 0 0 0 0 0 0 0 0 
0 0 0 0 0 0 0 0 0 0 0 0 0 0 0 0 0 0 0 0 0 0 0 0 0 0 0 0 0 0 0 0 0 0 0 0 0 0 0 0 0 0 0 0 0 0 0 0 0 0 0 0 0 0 0 0 0 0 0 0 0 0 0 0 0 0 0 0 0 0 0 0 0 0 0 0 0 0 0 0 0 0 0 0 0 0 0 0 0 0 0 0 0 0 0 0 0 0 0 0 
0 0 0 0 0 0 0 0 0 0 0 0 0 0 0 0 0 0 0 0 0 0 0 0 0 0 0 0 0 0 0 0 0 0 0 0 0 0 0 0 0 0 0 0 0 0 0 0 0 0 0 0 0 0 0 0 0 0 0 0 0 0 0 0 0 0 0 0 0 0 0 0 0 0 0 0 0 0 0 0 0 0 0 0 0 0 0 0 0 0 0 0 0 0 0 0 0 0 0 0 
0 0 0 0 0 0 0 0 0 0 0 0 0 0 0 0 0 0 0 0 0 0 0 0 0 0 0 0 0 0 0 0 0 0 0 0 0 0 0 0 0 0 0 0 0 0 0 0 0 0 0 0 0 0 0 0 0 0 0 0 0 0 0 0 0 0 0 0 0 0 0 0 0 0 0 0 0 0 0 0 0 0 0 0 0 0 0 0 0 0 0 0 0 0 0 0 0 0 0 0 
0 0 0 0 0 0 0 0 0 0 0 0 0 0 0 0 0 0 0 0 0 0 0 0 0 0 0 0 0 0 0 0 0 0 0 0 0 0 0 0 0 0 0 0 0 0 0 0 0 0 0 0 0 0 0 0 0 0 0 0 0 0 0 0 0 0 0 0 0 0 0 0 0 0 0 0 0 0 0 0 0 0 0 0 0 0 0 0 0 0 0 0 0 0 0 0 0 0 0 0 
0 0 0 0 0 0 0 0 0 0 0 0 0 0 0 0 0 0 0 0 0 0 0 0 0 0 0 0 0 0 0 0 0 0 0 0 0 0 0 0 0 0 0 0 0 0 0 0 0 0 0 0 0 0 0 0 0 0 0 0 0 0 0 0 0 0 0 0 0 0 0 0 0 0 0 0 0 0 0 0 0 0 0 0 0 0 0 0 0 0 0 0 0 0 0 0 0 0 0 0 
0 0 0 0 0 0 0 0 0 0 0 0 0 0 0 0 0 0 0 0 0 0 0 0 0 0 0 0 0 0 0 0 0 0 0 0 0 0 0 0 0 0 0 0 0 0 0 0 0 0 0 0 0 0 0 0 0 0 0 0 0 0 0 0 0 0 0 0 0 0 0 0 0 0 0 0 0 0 0 0 0 0 0 0 0 0 0 0 0 0 0 0 0 0 0 0 0 0 0 0 
0 0 0 0 0 0 0 0 0 0 0 0 0 0 0 0 0 0 0 0 0 0 0 0 0 0 0 0 0 0 0 0 0 0 0 0 0 0 0 0 0 0 0 0 0 0 0 0 0 0 0 0 0 0 0 0 0 0 0 0 0 0 0 0 0 0 0 0 0 0 0 0 0 0 0 0 0 0 0 0 0 0 0 0 0 0 0 0 0 0 0 0 0 0 0 0 0 0 0 0 
0 0 0 0 0 0 0 0 0 0 0 0 0 0 0 0 0 0 0 0 0 0 0 0 0 0 0 0 0 0 0 0 0 0 0 0 0 0 0 0 0 0 0 0 0 0 0 0 0 0 0 0 0 0 0 0 0 0 0 0 0 0 0 0 0 0 0 0 0 0 0 0 0 0 0 0 0 0 0 0 0 0 0 0 0 0 0 0 0 0 0 0 0 0 0 0 0 0 0 0 
0 0 0 0 0 0 0 0 0 0 0 0 0 0 0 0 0 0 0 0 0 0 0 0 0 0 0 0 0 0 0 0 0 0 0 0 0 0 0 0 0 0 0 0 0 0 0 0 0 0 0 0 0 0 0 0 0 0 0 0 0 0 0 0 0 0 0 0 0 0 0 0 0 0 0 0 0 0 0 0 0 0 0 0 0 0 0 0 0 0 0 0 0 0 0 0 0 0 0 0 
0 0 0 0 0 0 0 0 0 0 0 0 0 0 0 0 0 0 0 0 0 0 0 0 0 0 0 0 0 0 0 0 0 0 0 0 0 0 0 0 0 0 0 0 0 0 0 0 0 0 0 0 0 0 0 0 0 0 0 0 0 0 0 0 0 0 0 0 0 0 0 0 0 0 0 0 0 0 0 0 0 0 0 0 0 0 0 0 0 0 0 0 0 0 0 0 0 0 0 0 
0 0 0 0 0 0 0 0 0 0 0 0 0 0 0 0 0 0 0 0 0 0 0 0 0 0 0 0 0 0 0 0 0 0 0 0 0 0 0 0 0 0 0 0 0 0 0 0 0 0 0 0 0 0 0 0 0 0 0 0 0 0 0 0 0 0 0 0 0 0 0 0 0 0 0 0 0 0 0 0 0 0 0 0 0 0 0 0 0 0 0 0 0 0 0 0 0 0 0 0 
0 0 0 0 0 0 0 0 0 0 0 0 0 0 0 0 0 0 0 0 0 0 0 0 0 0 0 0 0 0 0 0 0 0 0 0 0 0 0 0 0 0 0 0 0 0 0 0 0 0 0 0 0 0 0 0 0 0 0 0 0 0 0 0 0 0 0 0 0 0 0 0 0 0 0 0 0 0 0 0 0 0 0 0 0 0 0 0 0 0 0 0 0 0 0 0 0 0 0 0 
0 0 0 0 0 0 0 0 0 0 0 0 0 0 0 0 0 0 0 0 0 0 0 0 0 0 0 0 0 0 0 0 0 0 0 0 0 0 0 0 0 0 0 0 0 0 0 0 0 0 0 0 0 0 0 0 0 0 0 0 0 0 0 0 0 0 0 0 0 0 0 0 0 0 0 0 0 0 0 0 0 0 0 0 0 0 0 0 0 0 0 0 0 0 0 0 0 0 0 0 
0 0 0 0 0 0 0 0 0 0 0 0 0 0 0 0 0 0 0 0 0 0 0 0 0 0 0 0 0 0 0 0 0 0 0 0 0 0 0 0 0 0 0 0 0 0 0 0 0 0 0 0 0 0 0 0 0 0 0 0 0 0 0 0 0 0 0 0 0 0 0 0 0 0 0 0 0 0 0 0 0 0 0 0 0 0 0 0 0 0 0 0 0 0 0 0 0 0 0 0 
0 0 0 0 0 0 0 0 0 0 0 0 0 0 0 0 0 0 0 0 0 0 0 0 0 0 0 0 0 0 0 0 0 0 0 0 0 0 0 0 0 0 0 0 0 0 0 0 0 0 0 0 0 0 0 0 0 0 0 0 0 0 0 0 0 0 0 0 0 0 0 0 0 0 0 0 0 0 0 0 0 0 0 0 0 0 0 0 0 0 0 0 0 0 0 0 0 0 0 0 
0 0 0 0 0 0 0 0 0 0 0 0 0 0 0 0 0 0 0 0 0 0 0 0 0 0 0 0 0 0 0 0 0 0 0 0 0 0 0 0 0 0 0 0 0 0 0 0 0 0 0 0 0 0 0 0 0 0 0 0 0 0 0 0 0 0 0 0 0 0 0 0 0 0 0 0 0 0 0 0 0 0 0 0 0 0 0 0 0 0 0 0 0 0 0 0 0 0 0 0 
0 0 0 0 0 0 0 0 0 0 0 0 0 0 0 0 0 0 0 0 0 0 0 0 0 0 0 0 0 0 0 0 0 0 0 0 0 0 0 0 0 0 0 0 0 0 0 0 0 0 0 0 0 0 0 0 0 0 0 0 0 0 0 0 0 0 0 0 0 0 0 0 0 0 0 0 0 0 0 0 0 0 0 0 0 0 0 0 0 0 0 0 0 0 0 0 0 0 0 0 
0 0 0 0 0 0 0 0 0 0 0 0 0 0 0 0 0 0 0 0 0 0 0 0 0 0 0 0 0 0 0 0 0 0 0 0 0 0 0 0 0 0 0 0 0 0 0 0 0 0 0 0 0 0 0 0 0 0 0 0 0 0 0 0 0 0 0 0 0 0 0 0 0 0 0 0 0 0 0 0 0 0 0 0 0 0 0 0 0 0 0 0 0 0 0 0 0 0 0 0 
0 0 0 0 0 0 0 0 0 0 0 0 0 0 0 0 0 0 0 0 0 0 0 0 0 0 0 0 0 0 0 0 0 0 0 0 0 0 0 0 0 0 0 0 0 0 0 0 0 0 0 0 0 0 0 0 0 0 0 0 0 0 0 0 0 0 0 0 0 0 0 0 0 0 0 0 0 0 0 0 0 0 0 0 0 0 0 0 0 0 0 0 0 0 0 0 0 0 0 0 
0 0 0 0 0 0 0 0 0 0 0 0 0 0 0 0 0 0 0 0 0 0 0 0 0 0 0 0 0 0 0 0 0 0 0 0 0 0 0 0 0 0 0 0 0 0 0 0 0 0 0 0 0 0 0 0 0 0 0 0 0 0 0 0 0 0 0 0 0 0 0 0 0 0 0 0 0 0 0 0 0 0 0 0 0 0 0 0 0 0 0 0 0 0 0 0 0 0 0 0 
0 0 0 0 0 0 0 0 0 0 0 0 0 0 0 0 0 0 0 0 0 0 0 0 0 0 0 0 0 0 0 0 0 0 0 0 0 0 0 0 0 0 0 0 0 0 0 0 0 0 0 0 0 0 0 0 0 0 0 0 0 0 0 0 0 0 0 0 0 0 0 0 0 0 0 0 0 0 0 0 0 0 0 0 0 0 0 0 0 0 0 0 0 0 0 0 0 0 0 0 
0 0 0 0 0 0 0 0 0 0 0 0 0 0 0 0 0 0 0 0 0 0 0 0 0 0 0 0 0 0 0 0 0 0 0 0 0 0 0 0 0 0 0 0 0 0 0 0 0 0 0 0 0 0 0 0 0 0 0 0 0 0 0 0 0 0 0 0 0 0 0 0 0 0 0 0 0 0 0 0 0 0 0 0 0 0 0 0 0 0 0 0 0 0 0 0 0 0 0 0 
0 0 0 0 0 0 0 0 0 0 0 0 0 0 0 0 0 0 0 0 0 0 0 0 0 0 0 0 0 0 0 0 0 0 0 0 0 0 0 0 0 0 0 0 0 0 0 0 0 0 0 0 0 0 0 0 0 0 0 0 0 0 0 0 0 0 0 0 0 0 0 0 0 0 0 0 0 0 0 0 0 0 0 0 0 0 0 0 0 0 0 0 0 0 0 0 0 0 0 0 
0 0 0 0 0 0 0 0 0 0 0 0 0 0 0 0 0 0 0 0 0 0 0 0 0 0 0 0 0 0 0 0 0 0 0 0 0 0 0 0 0 0 0 0 0 0 0 0 0 0 0 0 0 0 0 0 0 0 0 0 0 0 0 0 0 0 0 0 0 0 0 0 0 0 0 0 0 0 0 0 0 0 0 0 0 0 0 0 0 0 0 0 0 0 0 0 0 0 0 0 
0 0 0 0 0 0 0 0 0 0 0 0 0 0 0 0 0 0 0 0 0 0 0 0 0 0 0 0 0 0 0 0 0 0 0 0 0 0 0 0 0 0 0 0 0 0 0 0 0 0 0 0 0 0 0 0 0 0 0 0 0 0 0 0 0 0 0 0 0 0 0 0 0 0 0 0 0 0 0 0 0 0 0 0 0 0 0 0 0 0 0 0 0 0 0 0 0 0 0 0 
0 0 0 0 0 0 0 0 0 0 0 0 0 0 0 0 0 0 0 0 0 0 0 0 0 0 0 0 0 0 0 0 0 0 0 0 0 0 0 0 0 0 0 0 0 0 0 0 0 0 0 0 0 0 0 0 0 0 0 0 0 0 0 0 0 0 0 0 0 0 0 0 0 0 0 0 0 0 0 0 0 0 0 0 0 0 0 0 0 0 0 0 0 0 0 0 0 0 0 0 
0 0 0 0 0 0 0 0 0 0 0 0 0 0 0 0 0 0 0 0 0 0 0 0 0 0 0 0 0 0 0 0 0 0 0 0 0 0 0 0 0 0 0 0 0 0 0 0 0 0 0 0 0 0 0 0 0 0 0 0 0 0 0 0 0 0 0 0 0 0 0 0 0 0 0 0 0 0 0 0 0 0 0 0 0 0 0 0 0 0 0 0 0 0 0 0 0 0 0 0 
0 0 0 0 0 0 0 0 0 0 0 0 0 0 0 0 0 0 0 0 0 0 0 0 0 0 0 0 0 0 0 0 0 0 0 0 0 0 0 0 0 0 0 0 0 0 0 0 0 0 0 0 0 0 0 0 0 0 0 0 0 0 0 0 0 0 0 0 0 0 0 0 0 0 0 0 0 0 0 0 0 0 0 0 0 0 0 0 0 0 0 0 0 0 0 0 0 0 0 0 
0 0 0 0 0 0 0 0 0 0 0 0 0 0 0 0 0 0 0 0 0 0 0 0 0 0 0 0 0 0 0 0 0 0 0 0 0 0 0 0 0 0 0 0 0 0 0 0 0 0 0 0 0 0 0 0 0 0 0 0 0 0 0 0 0 0 0 0 0 0 0 0 0 0 0 0 0 0 0 0 0 0 0 0 0 0 0 0 0 0 0 0 0 0 0 0 0 0 0 0 
0 0 0 0 0 0 0 0 0 0 0 0 0 0 0 0 0 0 0 0 0 0 0 0 0 0 0 0 0 0 0 0 0 0 0 0 0 0 0 0 0 0 0 0 0 0 0 0 0 0 0 0 0 0 0 0 0 0 0 0 0 0 0 0 0 0 0 0 0 0 0 0 0 0 0 0 0 0 0 0 0 0 0 0 0 0 0 0 0 0 0 0 0 0 0 0 0 0 0 0 
0 0 0 0 0 0 0 0 0 0 0 0 0 0 0 0 0 0 0 0 0 0 0 0 0 0 0 0 0 0 0 0 0 0 0 0 0 0 0 0 0 0 0 0 0 0 0 0 0 0 0 0 0 0 0 0 0 0 0 0 0 0 0 0 0 0 0 0 0 0 0 0 0 0 0 0 0 0 0 0 0 0 0 0 0 0 0 0 0 0 0 0 0 0 0 0 0 0 0 0 
0 0 0 0 0 0 0 0 0 0 0 0 0 0 0 0 0 0 0 0 0 0 0 0 0 0 0 0 0 0 0 0 0 0 0 0 0 0 0 0 0 0 0 0 0 0 0 0 0 0 0 0 0 0 0 0 0 0 0 0 0 0 0 0 0 0 0 0 0 0 0 0 0 0 0 0 0 0 0 0 0 0 0 0 0 0 0 0 0 0 0 0 0 0 0 0 0 0 0 0 
0 0 0 0 0 0 0 0 0 0 0 0 0 0 0 0 0 0 0 0 0 0 0 0 0 0 0 0 0 0 0 0 0 0 0 0 0 0 0 0 0 0 0 0 0 0 0 0 0 0 0 0 0 0 0 0 0 0 0 0 0 0 0 0 0 0 0 0 0 0 0 0 0 0 0 0 0 0 0 0 0 0 0 0 0 0 0 0 0 0 0 0 0 0 0 0 0 0 0 0 
0 0 0 0 0 0 0 0 0 0 0 0 0 0 0 0 0 0 0 0 0 0 0 0 0 0 0 0 0 0 0 0 0 0 0 0 0 0 0 0 0 0 0 0 0 0 0 0 0 0 0 0 0 0 0 0 0 0 0 0 0 0 0 0 0 0 0 0 0 0 0 0 0 0 0 0 0 0 0 0 0 0 0 0 0 0 0 0 0 0 0 0 0 0 0 0 0 0 0 0 
0 0 0 0 0 0 0 0 0 0 0 0 0 0 0 0 0 0 0 0 0 0 0 0 0 0 0 0 0 0 0 0 0 0 0 0 0 0 0 0 0 0 0 0 0 0 0 0 0 0 0 0 0 0 0 0 0 0 0 0 0 0 0 0 0 0 0 0 0 0 0 0 0 0 0 0 0 0 0 0 0 0 0 0 0 0 0 0 0 0 0 0 0 0 0 0 0 0 0 0 
0 0 0 0 0 0 0 0 0 0 0 0 0 0 0 0 0 0 0 0 0 0 0 0 0 0 0 0 0 0 0 0 0 0 0 0 0 0 0 0 0 0 0 0 0 0 0 0 0 0 0 0 0 0 0 0 0 0 0 0 0 0 0 0 0 0 0 0 0 0 0 0 0 0 0 0 0 0 0 0 0 0 0 0 0 0 0 0 0 0 0 0 0 0 0 0 0 0 0 0 
0 0 0 0 0 0 0 0 0 0 0 0 0 0 0 0 0 0 0 0 0 0 0 0 0 0 0 0 0 0 0 0 0 0 0 0 0 0 0 0 0 0 0 0 0 0 0 0 0 0 0 0 0 0 0 0 0 0 0 0 0 0 0 0 0 0 0 0 0 0 0 0 0 0 0 0 0 0 0 0 0 0 0 0 0 0 0 0 0 0 0 0 0 0 0 0 0 0 0 0 
0 0 0 0 0 0 0 0 0 0 0 0 0 0 0 0 0 0 0 0 0 0 0 0 0 0 0 0 0 0 0 0 0 0 0 0 0 0 0 0 0 0 0 0 0 0 0 0 0 0 0 0 0 0 0 0 0 0 0 0 0 0 0 0 0 0 0 0 0 0 0 0 0 0 0 0 0 0 0 0 0 0 0 0 0 0 0 0 0 0 0 0 0 0 0 0 0 0 0 0 
0 0 0 0 0 0 0 0 0 0 0 0 0 0 0 0 0 0 0 0 0 0 0 0 0 0 0 0 0 0 0 0 0 0 0 0 0 0 0 0 0 0 0 0 0 0 0 0 0 0 0 0 0 0 0 0 0 0 0 0 0 0 0 0 0 0 0 0 0 0 0 0 0 0 0 0 0 0 0 0 0 0 0 0 0 0 0 0 0 0 0 0 0 0 0 0 0 0 0 0 
0 0 0 0 0 0 0 0 0 0 0 0 0 0 0 0 0 0 0 0 0 0 0 0 0 0 0 0 0 0 0 0 0 0 0 0 0 0 0 0 0 0 0 0 0 0 0 0 0 0 0 0 0 0 0 0 0 0 0 0 0 0 0 0 0 0 0 0 0 0 0 0 0 0 0 0 0 0 0 0 0 0 0 0 0 0 0 0 0 0 0 0 0 0 0 0 0 0 0 0 
0 0 0 0 0 0 0 0 0 0 0 0 0 0 0 0 0 0 0 0 0 0 0 0 0 0 0 0 0 0 0 0 0 0 0 0 0 0 0 0 0 0 0 0 0 0 0 0 0 0 0 0 0 0 0 0 0 0 0 0 0 0 0 0 0 0 0 0 0 0 0 0 0 0 0 0 0 0 0 0 0 0 0 0 0 0 0 0 0 0 0 0 0 0 0 0 0 0 0 0 
0 0 0 0 0 0 0 0 0 0 0 0 0 0 0 0 0 0 0 0 0 0 0 0 0 0 0 0 0 0 0 0 0 0 0 0 0 0 0 0 0 0 0 0 0 0 0 0 0 0 0 0 0 0 0 0 0 0 0 0 0 0 0 0 0 0 0 0 0 0 0 0 0 0 0 0 0 0 0 0 0 0 0 0 0 0 0 0 0 0 0 0 0 0 0 0 0 0 0 0 
